100
51 -32 100 17
-99 -95 -50 -92
-33 -83 39 -76
-99 -99 76 -93
-61 -55 95 -26
27 -94 43 86
-35 -88 59 -50
4 -8 71 27
-99 -73 -63 -65
-91 -67 -10 73
14 -65 17 46
-71 -98 -32 76
-27 -93 -15 -75
-89 -49 -59 -19
-99 -86 -89 74
27 -82 54 76
-62 -67 -7 13
-90 -41 24 23
-39 -44 47 4
-73 -95 44 -92
33 -99 74 81
-87 -4 -47 11
38 -83 58 -19
-73 -81 -41 -60
-97 -11 -85 1
33 -96 98 72
-96 6 -59 54
27 -98 59 -96
-99 18 -89 87
-99 -81 -97 -51
5 -53 75 -16
-50 -93 26 81
57 -78 95 -6
-95 -75 -10 53
23 -69 45 21
-79 -99 31 -97
-88 -78 74 4
-90 -78 30 -31
-79 -71 -77 22
40 -93 100 -67
-27 -10 29 58
54 -23 56 25
-86 -94 82 -10
-43 -77 -12 -8
-70 14 -65 16
67 -97 98 -93
-99 -99 -97 -98
-96 -40 -85 7
-57 -89 -54 -64
56 -5 80 7
-74 17 24 67
-16 -28 74 -14
-43 -71 19 -59
-27 -71 83 81
-69 63 -41 84
-49 36 -38 47
-43 -96 -32 -72
-3 -81 53 -77
-77 -45 50 0
-90 -76 -63 -25
30 -83 66 -1
-69 -90 100 -82
-97 9 -73 17
-95 -23 -30 28
-47 -80 -38 -59
-82 -91 46 -53
-85 -63 -55 -32
-99 -63 -98 -17
-70 -36 -69 31
-98 -11 -90 37
6 -67 26 22
-99 -75 75 59
-90 -9 -85 33
-67 -30 13 12
-52 -97 84 95
-33 -28 7 -8
-57 -35 -9 99
-87 -57 -86 -48
-60 -19 -56 77
-87 -51 -27 -45
-72 -29 13 59
-86 -43 -62 65
-94 -79 -60 -31
-99 -35 -98 -25
-54 -49 -46 26
-79 6 11 60
-93 -20 -85 4
34 -40 42 -33
-44 -51 22 7
-99 -48 -97 30
-53 23 -48 58
-93 -48 6 -14
46 -94 52 -36
44 -99 70 80
-99 -56 -98 67
-80 -33 -55 16
-92 -91 -39 -3
-91 -72 -37 -68
-69 44 93 77
-71 38 -70 58
