100
-99 -19 -96 29
-91 -37 -69 24
-92 -90 40 -27
-99 -94 -38 -84
-99 -75 -60 -73
-53 -67 -25 26
-92 -58 -86 88
-90 -83 -54 14
-87 -33 -23 -11
-71 -83 43 -80
49 -94 58 -84
-9 -79 6 -47
25 -58 45 -38
-51 -63 4 4
-80 -69 -11 -8
-67 -85 -6 -73
-99 -99 36 -59
-38 -3 13 22
-63 -33 77 9
-94 -91 38 -77
-95 -77 81 70
-39 -35 -18 -14
-10 -96 60 -90
-86 -99 -47 -75
19 -99 38 -82
-90 38 16 58
-95 -18 -21 81
33 17 55 71
31 -71 68 -10
-83 -22 -44 17
62 -58 93 -24
-89 48 -17 49
33 -63 51 -36
-12 -67 25 -35
-13 -97 4 -69
-89 -91 19 73
-83 -95 -79 -91
-19 -75 36 -58
-57 -89 87 67
21 -92 53 -10
11 -63 90 14
-79 -99 -17 -30
-80 -65 -24 -3
-98 -13 -96 -3
-77 -58 -54 -41
5 -74 29 -71
-43 -97 9 62
31 5 72 31
-38 -74 26 -44
-75 -99 -10 -47
1 -91 28 47
-77 36 -73 66
-87 -99 -10 -82
-84 -99 -80 -5
-99 -22 -88 82
-23 -97 -19 -86
-49 -44 -44 66
-45 8 9 63
-34 -49 -27 -48
-50 -99 -44 -90
-52 -81 90 -80
5 -96 57 9
-82 -19 -58 31
-75 -83 -17 -25
-76 -89 -71 -54
-37 -57 82 95
-74 -84 57 7
-51 -63 -49 50
-99 -1 -95 11
-82 5 -77 48
-84 -31 -27 41
-35 -71 52 52
-99 -92 -71 -13
-41 -66 7 12
-99 -67 -80 -3
-81 -63 -52 24
-93 -44 -90 16
-30 -87 99 -16
-95 -38 -70 14
-74 -53 -24 -24
-95 11 -64 19
-97 24 -83 28
31 -77 83 -55
-15 -90 45 -54
-81 -38 44 -11
-20 -97 -11 -32
-91 -99 -75 -54
-99 -73 31 -55
65 -21 95 -15
-79 -88 -9 -50
-82 -71 -76 -56
-87 -83 -51 -68
-63 -99 63 -63
-8 -26 6 -12
-97 -12 -44 93
-96 -39 -88 -23
68 -39 81 21
-27 -56 -13 -52
21 -6 31 48
-99 -57 -91 56
