1000 87
2 1
3 2
4 3
5 1
6 1
7 1
8 3
9 2
10 1
11 3
12 1
13 5
14 7
15 3
16 7
17 9
18 4
19 1
20 19
21 3
22 1
23 13
24 6
25 2
26 18
27 13
28 14
29 15
30 27
31 19
32 1
33 25
34 30
35 16
36 1
37 29
38 29
39 5
40 32
41 10
42 19
43 13
44 20
45 39
46 24
47 8
48 5
49 9
50 34
51 49
52 22
53 38
54 20
55 19
56 44
57 40
58 55
59 41
60 1
61 53
62 59
63 43
64 43
65 47
66 12
67 1
68 8
69 13
70 67
71 1
72 53
73 59
74 23
75 45
76 3
77 42
78 10
79 14
80 72
81 12
82 9
83 15
84 56
85 37
86 10
87 45
88 64
89 57
90 52
91 1
92 43
93 2
94 25
95 84
96 26
97 69
98 48
99 21
100 85
101 51
102 70
103 35
104 103
105 72
106 93
107 15
108 4
109 73
110 103
111 67
112 30
113 61
114 106
115 92
116 43
117 105
118 4
119 77
120 98
121 77
122 89
123 23
124 58
125 35
126 14
127 96
128 15
129 81
130 63
131 119
132 27
133 115
134 119
135 61
136 121
137 62
138 111
139 43
140 56
141 71
142 1
143 127
144 17
145 87
146 8
147 81
148 118
149 33
150 20
151 34
152 88
153 33
154 79
155 100
156 136
157 142
158 141
159 87
160 76
161 71
162 64
163 55
164 77
165 50
166 112
167 27
168 20
169 31
170 78
171 141
172 34
173 129
174 117
175 67
176 113
177 15
178 16
179 113
180 124
181 161
182 138
183 73
184 174
185 143
186 149
187 39
188 10
189 93
190 16
191 92
192 30
193 121
194 151
195 162
196 178
197 147
198 63
199 147
200 172
201 33
202 115
203 164
204 177
205 121
206 10
207 129
208 1
209 6
210 208
211 119
212 135
213 51
214 7
215 139
216 156
217 82
218 50
219 82
220 46
221 177
222 155
223 118
224 201
225 9
226 190
227 108
228 64
229 182
230 8
231 26
232 46
233 81
234 54
235 181
236 38
237 79
238 78
239 218
240 68
241 47
242 5
243 130
244 20
245 9
246 211
247 139
248 152
249 133
250 68
251 217
252 241
253 19
254 84
255 24
256 171
257 209
258 30
259 113
260 55
261 206
262 233
263 149
264 166
265 103
266 185
267 35
268 98
269 217
270 186
271 109
272 48
273 97
274 145
275 51
276 133
277 1
278 65
279 120
280 245
281 184
282 117
283 199
284 119
285 127
286 217
287 19
288 211
289 193
290 43
291 83
292 14
293 128
294 79
295 261
296 100
297 65
298 73
299 186
300 233
301 261
302 107
303 92
304 109
305 148
306 269
307 1
308 185
309 79
310 209
311 21
312 182
313 283
314 171
315 297
316 131
317 269
318 231
319 255
320 16
321 65
322 128
323 237
324 134
325 159
326 51
327 50
328 158
329 240
330 168
331 199
332 66
333 279
334 180
335 303
336 289
337 59
338 48
339 157
340 265
341 331
342 143
343 172
344 300
345 12
346 1
347 345
348 156
349 3
350 134
351 337
352 112
353 257
354 165
355 194
356 16
357 335
358 351
359 110
360 291
361 333
362 98
363 64
364 190
365 229
366 26
367 337
368 119
369 23
370 89
371 161
372 343
373 241
374 71
375 209
376 366
377 181
378 351
379 289
380 283
381 343
382 366
383 71
384 342
385 333
386 109
387 139
388 295
389 383
390 2
391 217
392 82
393 185
394 240
395 58
396 242
397 93
398 292
399 283
400 46
401 301
402 14
403 325
404 33
405 119
406 87
407 211
408 321
409 110
410 31
411 352
412 154
413 157
414 58
415 338
416 326
417 145
418 119
419 180
420 202
421 201
422 166
423 153
424 270
425 424
426 378
427 408
428 284
429 337
430 27
431 427
432 65
433 145
434 19
435 99
436 92
437 317
438 312
439 343
440 375
441 233
442 71
443 305
444 348
445 125
446 161
447 99
448 202
449 435
450 142
451 370
452 334
453 275
454 292
455 105
456 232
457 232
458 159
459 61
460 187
461 191
462 326
463 1
464 287
465 464
466 251
467 249
468 214
469 137
470 410
471 461
472 95
473 3
474 37
475 271
476 354
477 356
478 171
479 71
480 297
481 267
482 190
483 393
484 22
485 149
486 191
487 357
488 203
489 266
490 61
491 241
492 62
493 46
494 415
495 454
496 190
497 94
498 335
499 372
500 186
501 141
502 111
503 396
504 199
505 29
506 228
507 465
508 337
509 501
510 478
511 191
512 477
513 169
514 397
515 333
516 257
517 133
518 1
519 203
520 463
521 481
522 361
523 351
524 19
525 470
526 100
527 309
528 227
529 497
530 3
531 352
532 513
533 411
534 432
535 4
536 446
537 49
538 503
539 487
540 265
541 51
542 194
543 130
544 111
545 369
546 256
547 169
548 172
549 73
550 213
551 320
552 28
553 393
554 255
555 247
556 292
557 380
558 122
559 295
560 78
561 549
562 120
563 484
564 509
565 95
566 424
567 307
568 547
569 467
570 15
571 479
572 294
573 273
574 247
575 256
576 476
577 40
578 458
579 359
580 139
581 71
582 488
583 427
584 430
585 40
586 287
587 551
588 312
589 253
590 305
591 331
592 343
593 241
594 527
595 207
596 130
597 169
598 375
599 62
600 548
601 486
602 154
603 533
604 447
605 189
606 363
607 115
608 124
609 443
610 32
611 477
612 27
613 93
614 145
615 375
616 70
617 481
618 199
619 80
620 618
621 3
622 505
623 97
624 426
625 157
626 485
627 487
628 184
629 381
630 285
631 175
632 237
633 598
634 84
635 15
636 372
637 335
638 246
639 341
640 610
641 333
642 58
643 89
644 1
645 341
646 25
647 537
648 443
649 133
650 294
651 393
652 463
653 287
654 581
655 115
656 268
657 275
658 390
659 253
660 204
661 1
662 644
663 103
664 186
665 588
666 595
667 611
668 591
669 325
670 99
671 253
672 199
673 11
674 208
675 215
676 1
677 646
678 343
679 394
680 355
681 68
682 97
683 333
684 368
685 358
686 620
687 645
688 430
689 569
690 457
691 466
692 221
693 649
694 483
695 386
696 221
697 607
698 41
699 387
700 358
701 193
702 14
703 24
704 494
705 545
706 396
707 149
708 602
709 425
710 349
711 705
712 548
713 383
714 274
715 283
716 282
717 248
718 58
719 677
720 238
721 601
722 92
723 382
724 361
725 531
726 106
727 202
728 206
729 428
730 362
731 411
732 443
733 295
734 497
735 593
736 242
737 23
738 257
739 580
740 172
741 246
742 708
743 110
744 595
745 263
746 22
747 329
748 706
749 455
750 362
751 107
752 359
753 377
754 448
755 123
756 371
757 457
758 724
759 133
760 628
761 143
762 198
763 391
764 309
765 725
766 565
767 375
768 578
769 694
770 462
771 609
772 508
773 282
774 507
775 505
776 603
777 165
778 288
779 765
780 419
781 192
782 291
783 557
784 46
785 689
786 701
787 502
788 444
789 29
790 691
791 291
792 370
793 555
794 246
795 36
796 794
797 35
798 587
799 431
800 82
801 446
802 393
803 21
804 716
805 428
806 146
807 743
808 16
809 317
810 236
811 591
812 551
813 615
814 670
815 625
816 81
817 625
818 245
819 97
820 410
821 303
822 336
823 297
824 335
825 172
826 806
827 243
828 344
829 259
830 127
831 171
832 34
833 828
834 222
835 618
836 813
837 733
838 740
839 355
840 759
841 113
842 388
843 754
844 332
845 817
846 256
847 36
848 523
849 225
850 175
851 267
852 645
853 531
854 286
855 87
856 123
857 273
858 649
859 646
860 541
861 461
862 120
863 29
864 657
865 461
866 857
867 689
868 216
869 345
870 133
871 451
872 215
873 827
874 388
875 843
876 757
877 331
878 870
879 565
880 565
881 845
882 548
883 748
884 622
885 569
886 444
887 223
888 671
889 779
890 310
891 803
892 201
893 147
894 343
895 542
896 866
897 65
898 821
899 807
900 115
901 645
902 122
903 857
904 407
905 713
906 668
907 223
908 86
909 193
910 5
911 687
912 744
913 649
914 476
915 813
916 684
917 827
918 704
919 266
920 489
921 401
922 216
923 673
924 524
925 48
926 183
927 587
928 81
929 498
930 877
931 681
932 344
933 873
934 563
935 733
936 568
937 755
938 371
939 776
940 485
941 616
942 160
943 473
944 906
945 485
946 330
947 370
948 564
949 617
950 766
951 551
952 147
953 925
954 166
955 685
956 208
957 756
958 751
959 939
960 283
961 795
962 403
963 939
964 717
965 741
966 640
967 8
968 204
969 933
970 258
971 17
972 760
973 25
974 351
975 616
976 257
977 705
978 940
979 764
980 318
981 477
982 820
983 92
984 595
985 418
986 945
987 375
988 471
989 49
990 649
991 494
992 70
993 453
994 679
995 547
996 649
997 181
998 733
999 727
1000 364
