200 11
2 1
3 1
4 1
5 3
6 5
7 1
8 5
9 6
10 7
11 10
12 11
13 3
14 4
15 12
16 5
17 11
18 1
19 1
20 3
21 2
22 9
23 19
24 23
25 7
26 21
27 3
28 10
29 26
30 16
31 28
32 3
33 3
34 23
35 25
36 3
37 33
38 35
39 5
40 22
41 19
42 41
43 38
44 14
45 43
46 16
47 3
48 18
49 13
50 30
51 9
52 50
53 13
54 19
55 36
56 4
57 36
58 28
59 46
60 1
61 1
62 25
63 61
64 25
65 29
66 6
67 45
68 28
69 59
70 46
71 1
72 10
73 41
74 38
75 64
76 56
77 39
78 36
79 10
80 13
81 15
82 5
83 55
84 42
85 34
86 81
87 84
88 84
89 67
90 66
91 53
92 76
93 2
94 86
95 11
96 69
97 33
98 82
99 86
100 28
101 37
102 21
103 81
104 74
105 27
106 7
107 95
108 55
109 97
110 56
111 79
112 43
113 46
114 103
115 45
116 91
117 13
118 49
119 25
120 38
121 8
122 23
123 5
124 1
125 19
126 64
127 73
128 57
129 51
130 31
131 46
132 113
133 63
134 47
135 126
136 46
137 1
138 112
139 43
140 99
141 11
142 58
143 137
144 15
145 142
146 116
147 115
148 45
149 129
150 136
151 49
152 98
153 13
154 133
155 26
156 7
157 131
158 26
159 111
160 121
161 146
162 37
163 9
164 158
165 114
166 7
167 111
168 43
169 1
170 10
171 107
172 136
173 170
174 114
175 148
176 43
177 4
178 103
179 29
180 103
181 41
182 180
183 21
184 34
185 184
186 98
187 54
188 46
189 160
190 13
191 61
192 26
193 130
194 44
195 180
196 37
197 49
198 60
199 120
200 114
