200 69
2 1
3 1
4 1
5 1
6 3
7 6
8 7
9 5
10 6
11 5
12 5
13 11
14 2
15 1
16 4
17 1
18 14
19 15
20 15
21 17
22 10
23 2
24 4
25 19
26 10
27 15
28 1
29 5
30 2
31 9
32 17
33 27
34 19
35 24
36 3
37 22
38 27
39 37
40 11
41 9
42 31
43 19
44 5
45 23
46 21
47 39
48 4
49 47
50 48
51 40
52 10
53 12
54 53
55 25
56 34
57 33
58 37
59 15
60 9
61 31
62 42
63 25
64 1
65 19
66 63
67 46
68 41
69 11
70 45
71 29
72 4
73 59
74 4
75 31
76 10
77 1
78 8
79 37
80 34
81 79
82 62
83 56
84 9
85 1
86 18
87 17
88 21
89 35
90 7
91 62
92 66
93 41
94 88
95 51
96 65
97 71
98 76
99 43
100 97
101 64
102 69
103 73
104 45
105 87
106 95
107 30
108 74
109 46
110 55
111 71
112 70
113 101
114 42
115 93
116 53
117 41
118 82
119 96
120 69
121 105
122 47
123 17
124 32
125 95
126 45
127 118
128 105
129 87
130 109
131 77
132 28
133 13
134 7
135 21
136 56
137 104
138 45
139 85
140 1
141 29
142 59
143 80
144 33
145 117
146 66
147 87
148 48
149 99
150 109
151 83
152 59
153 123
154 142
155 25
156 49
157 95
158 9
159 97
160 112
161 93
162 7
163 112
164 143
165 93
166 67
167 51
168 107
169 28
170 66
171 7
172 116
173 21
174 151
175 121
176 52
177 169
178 94
179 78
180 21
181 106
182 37
183 68
184 59
185 153
186 37
187 59
188 48
189 85
190 133
191 118
192 134
193 29
194 139
195 59
196 150
197 26
198 8
199 33
200 172
