1000 12
2 1
3 1
4 1
5 1
6 1
7 4
8 5
9 5
10 2
11 9
12 5
13 10
14 2
15 2
16 9
17 13
18 7
19 13
20 12
21 4
22 16
23 19
24 13
25 13
26 8
27 6
28 7
29 25
30 7
31 13
32 30
33 25
34 12
35 2
36 1
37 30
38 13
39 13
40 5
41 22
42 23
43 15
44 21
45 42
46 37
47 1
48 39
49 13
50 6
51 41
52 28
53 37
54 7
55 1
56 52
57 31
58 12
59 36
60 42
61 37
62 52
63 31
64 50
65 9
66 64
67 19
68 28
69 57
70 16
71 69
72 66
73 41
74 62
75 59
76 68
77 69
78 11
79 55
80 32
81 31
82 28
83 75
84 19
85 77
86 51
87 58
88 55
89 51
90 7
91 19
92 13
93 76
94 75
95 30
96 61
97 37
98 83
99 30
100 49
101 81
102 28
103 73
104 69
105 66
106 27
107 21
108 10
109 57
110 88
111 51
112 34
113 61
114 16
115 27
116 81
117 57
118 4
119 81
120 78
121 98
122 21
123 93
124 7
125 7
126 99
127 110
128 115
129 44
130 88
131 114
132 67
133 109
134 22
135 15
136 44
137 104
138 129
139 17
140 21
141 117
142 1
143 102
144 63
145 137
146 109
147 107
148 106
149 130
150 40
151 131
152 123
153 58
154 50
155 119
156 21
157 98
158 12
159 53
160 121
161 55
162 68
163 80
164 98
165 161
166 106
167 49
168 122
169 4
170 62
171 21
172 37
173 140
174 97
175 125
176 88
177 105
178 77
179 64
180 62
181 11
182 58
183 141
184 120
185 93
186 173
187 163
188 12
189 157
190 151
191 13
192 186
193 105
194 121
195 129
196 121
197 149
198 76
199 46
200 109
201 195
202 134
203 99
204 58
205 161
206 74
207 51
208 73
209 121
210 1
211 41
212 111
213 113
214 53
215 27
216 114
217 25
218 94
219 164
220 28
221 45
222 105
223 52
224 180
225 5
226 109
227 159
228 213
229 116
230 49
231 218
232 162
233 117
234 25
235 67
236 38
237 97
238 89
239 71
240 56
241 226
242 173
243 88
244 174
245 153
246 97
247 17
248 68
249 107
250 50
251 29
252 205
253 193
254 247
255 28
256 57
257 36
258 74
259 86
260 174
261 223
262 225
263 64
264 117
265 59
266 258
267 182
268 154
269 225
270 243
271 1
272 45
273 265
274 214
275 173
276 126
277 143
278 106
279 51
280 191
281 127
282 273
283 79
284 40
285 61
286 91
287 47
288 206
289 115
290 101
291 191
292 34
293 106
294 149
295 43
296 155
297 293
298 208
299 149
300 74
301 289
302 270
303 147
304 215
305 25
306 208
307 297
308 211
309 176
310 268
311 1
312 139
313 45
314 1
315 156
316 209
317 21
318 33
319 185
320 162
321 1
322 132
323 133
324 205
325 112
326 246
327 159
328 42
329 67
330 239
331 293
332 5
333 270
334 297
335 143
336 243
337 7
338 209
339 175
340 93
341 18
342 336
343 267
344 91
345 325
346 71
347 263
348 40
349 249
350 163
351 53
352 291
353 51
354 313
355 277
356 311
357 43
358 70
359 29
360 343
361 165
362 293
363 21
364 258
365 148
366 221
367 91
368 1
369 361
370 106
371 31
372 103
373 212
374 340
375 241
376 103
377 33
378 230
379 313
380 191
381 247
382 241
383 103
384 146
385 132
386 293
387 287
388 3
389 5
390 165
391 273
392 369
393 233
394 97
395 82
396 17
397 219
398 257
399 151
400 22
401 24
402 349
403 289
404 352
405 224
406 54
407 276
408 75
409 241
410 22
411 155
412 250
413 49
414 257
415 398
416 86
417 69
418 397
419 134
420 367
421 95
422 357
423 207
424 406
425 258
426 241
427 196
428 15
429 65
430 364
431 143
432 120
433 372
434 4
435 72
436 191
437 221
438 286
439 305
440 439
441 388
442 117
443 108
444 212
445 237
446 342
447 351
448 429
449 97
450 202
451 425
452 208
453 220
454 418
455 344
456 85
457 439
458 210
459 441
460 397
461 116
462 136
463 433
464 293
465 432
466 64
467 139
468 50
469 223
470 252
471 422
472 405
473 130
474 34
475 313
476 237
477 10
478 181
479 35
480 86
481 215
482 195
483 5
484 379
485 333
486 390
487 367
488 201
489 169
490 119
491 42
492 439
493 46
494 334
495 461
496 196
497 405
498 45
499 490
500 61
501 429
502 8
503 130
504 33
505 264
506 116
507 441
508 295
509 365
510 145
511 375
512 269
513 460
514 120
515 13
516 478
517 345
518 266
519 243
520 1
521 391
522 385
523 179
524 15
525 127
526 41
527 119
528 466
529 118
530 443
531 161
532 211
533 277
534 141
535 127
536 277
537 391
538 382
539 263
540 475
541 460
542 525
543 177
544 478
545 5
546 223
547 79
548 386
549 85
550 416
551 385
552 30
553 79
554 127
555 313
556 361
557 172
558 377
559 247
560 109
561 431
562 397
563 533
564 251
565 98
566 513
567 566
568 441
569 117
570 330
571 297
572 271
573 353
574 211
575 573
576 255
577 505
578 458
579 308
580 363
581 167
582 129
583 247
584 548
585 568
586 91
587 73
588 492
589 515
590 286
591 243
592 254
593 441
594 314
595 139
596 312
597 87
598 382
599 209
600 468
601 593
602 510
603 491
604 147
605 177
606 541
607 136
608 406
609 313
610 598
611 81
612 572
613 294
614 232
615 174
616 461
617 553
618 360
619 415
620 424
621 617
622 568
623 213
624 169
625 591
626 251
627 513
628 42
629 609
630 38
631 211
632 24
633 31
634 383
635 299
636 471
637 276
638 226
639 457
640 27
641 476
642 215
643 141
644 290
645 309
646 509
647 175
648 208
649 135
650 355
651 375
652 89
653 390
654 311
655 541
656 296
657 497
658 283
659 106
660 455
661 353
662 262
663 351
664 333
665 563
666 361
667 79
668 17
669 325
670 460
671 541
672 482
673 203
674 184
675 495
676 115
677 591
678 405
679 164
680 29
681 81
682 226
683 115
684 201
685 265
686 518
687 5
688 340
689 521
690 671
691 521
692 583
693 529
694 645
695 315
696 681
697 389
698 423
699 180
700 156
701 481
702 620
703 69
704 178
705 125
706 247
707 426
708 526
709 355
710 263
711 509
712 595
713 589
714 643
715 409
716 51
717 555
718 686
719 267
720 230
721 369
722 510
723 141
724 70
725 122
726 702
727 407
728 238
729 708
730 226
731 211
732 420
733 591
734 467
735 235
736 161
737 97
738 510
739 43
740 66
741 611
742 263
743 421
744 705
745 581
746 161
747 321
748 313
749 35
750 607
751 560
752 285
753 719
754 248
755 543
756 531
757 473
758 216
759 295
760 568
761 1
762 704
763 253
764 195
765 620
766 79
767 322
768 298
769 628
770 260
771 393
772 618
773 474
774 711
775 648
776 480
777 578
778 635
779 157
780 695
781 1
782 309
783 451
784 471
785 405
786 319
787 278
788 272
789 685
790 292
791 554
792 104
793 673
794 780
795 128
796 25
797 721
798 275
799 533
800 393
801 335
802 523
803 367
804 798
805 745
806 137
807 359
808 797
809 231
810 286
811 597
812 532
813 61
814 306
815 780
816 643
817 175
818 340
819 663
820 558
821 249
822 275
823 581
824 330
825 194
826 259
827 640
828 7
829 187
830 322
831 588
832 382
833 313
834 630
835 311
836 808
837 123
838 667
839 489
840 755
841 546
842 576
843 335
844 770
845 129
846 356
847 752
848 750
849 485
850 821
851 567
852 234
853 620
854 117
855 197
856 100
857 617
858 3
859 833
860 725
861 259
862 356
863 657
864 589
865 279
866 493
867 575
868 17
869 859
870 257
871 789
872 358
873 585
874 797
875 183
876 448
877 706
878 342
879 685
880 287
881 351
882 710
883 127
884 63
885 490
886 273
887 807
888 526
889 547
890 272
891 554
892 888
893 796
894 595
895 299
896 505
897 52
898 548
899 763
900 107
901 394
902 358
903 394
904 616
905 5
906 161
907 821
908 369
909 245
910 388
911 241
912 838
913 868
914 632
915 296
916 574
917 877
918 825
919 771
920 214
921 316
922 170
923 105
924 902
925 345
926 572
927 438
928 115
929 300
930 389
931 647
932 92
933 434
934 808
935 675
936 234
937 513
938 87
939 36
940 665
941 171
942 162
943 579
944 199
945 696
946 921
947 39
948 758
949 145
950 344
951 499
952 310
953 425
954 871
955 605
956 883
957 99
958 43
959 557
960 610
961 441
962 136
963 243
964 247
965 738
966 83
967 421
968 125
969 109
970 870
971 360
972 210
973 382
974 49
975 36
976 326
977 181
978 256
979 837
980 627
981 789
982 361
983 885
984 255
985 277
986 567
987 132
988 436
989 105
990 962
991 301
992 939
993 293
994 232
995 924
996 176
997 541
998 882
999 740
1000 26
