1000 104
2 1
3 1
4 3
5 1
6 5
7 6
8 5
9 3
10 7
11 5
12 6
13 2
14 12
15 6
16 11
17 7
18 1
19 1
20 8
21 20
22 16
23 9
24 3
25 15
26 3
27 22
28 19
29 17
30 15
31 11
32 13
33 27
34 4
35 28
36 29
37 2
38 1
39 19
40 1
41 14
42 36
43 11
44 21
45 34
46 31
47 3
48 38
49 19
50 2
51 1
52 9
53 17
54 51
55 43
56 12
57 1
58 52
59 2
60 45
61 1
62 21
63 43
64 58
65 17
66 23
67 61
68 11
69 17
70 58
71 61
72 71
73 65
74 7
75 43
76 62
77 71
78 1
79 51
80 46
81 25
82 26
83 37
84 72
85 55
86 7
87 4
88 73
89 45
90 74
91 1
92 42
93 16
94 82
95 40
96 6
97 87
98 94
99 56
100 73
101 45
102 27
103 11
104 27
105 10
106 33
107 7
108 30
109 23
110 21
111 23
112 82
113 43
114 29
115 65
116 26
117 99
118 85
119 43
120 67
121 74
122 77
123 121
124 52
125 45
126 4
127 50
128 96
129 16
130 85
131 76
132 11
133 109
134 91
135 75
136 86
137 28
138 81
139 47
140 2
141 113
142 58
143 120
144 123
145 129
146 30
147 105
148 85
149 2
150 10
151 43
152 82
153 10
154 10
155 1
156 41
157 122
158 113
159 37
160 100
161 61
162 94
163 128
164 98
165 105
166 46
167 113
168 46
169 64
170 102
171 141
172 132
173 40
174 128
175 139
176 101
177 49
178 75
179 10
180 141
181 97
182 70
183 105
184 168
185 41
186 123
187 81
188 9
189 77
190 82
191 81
192 37
193 153
194 149
195 139
196 175
197 97
198 193
199 172
200 13
201 81
202 8
203 67
204 179
205 1
206 127
207 125
208 109
209 113
210 187
211 169
212 121
213 175
214 64
215 193
216 5
217 47
218 1
219 104
220 124
221 29
222 94
223 178
224 193
225 131
226 37
227 217
228 82
229 4
230 126
231 216
232 162
233 103
234 212
235 197
236 76
237 29
238 19
239 133
240 213
241 178
242 135
243 80
244 212
245 19
246 191
247 71
248 30
249 109
250 81
251 3
252 196
253 163
254 70
255 170
256 41
257 120
258 47
259 34
260 1
261 221
262 141
263 262
264 39
265 193
266 129
267 112
268 244
269 215
270 125
271 85
272 108
273 23
274 247
275 269
276 138
277 141
278 123
279 75
280 158
281 121
282 116
283 13
284 24
285 5
286 211
287 27
288 236
289 45
290 190
291 141
292 145
293 58
294 120
295 241
296 98
297 259
298 97
299 11
300 295
301 15
302 169
303 23
304 97
305 139
306 79
307 147
308 22
309 256
310 10
311 69
312 273
313 225
314 253
315 106
316 217
317 77
318 196
319 115
320 211
321 233
322 39
323 299
324 261
325 132
326 81
327 15
328 124
329 17
330 297
331 317
332 48
333 90
334 228
335 267
336 101
337 133
338 239
339 113
340 50
341 94
342 34
343 295
344 198
345 337
346 42
347 133
348 73
349 125
350 201
351 333
352 244
353 45
354 252
355 351
356 155
357 137
358 265
359 81
360 232
361 163
362 311
363 313
364 190
365 80
366 28
367 319
368 149
369 115
370 109
371 321
372 188
373 80
374 207
375 333
376 52
377 267
378 294
379 305
380 70
381 189
382 93
383 71
384 110
385 88
386 155
387 97
388 82
389 191
390 200
391 43
392 345
393 29
394 123
395 346
396 345
397 125
398 90
399 203
400 381
401 228
402 169
403 19
404 262
405 232
406 295
407 150
408 12
409 225
410 184
411 325
412 258
413 181
414 292
415 360
416 253
417 131
418 385
419 234
420 68
421 301
422 37
423 79
424 398
425 226
426 370
427 218
428 231
429 419
430 67
431 191
432 365
433 328
434 147
435 138
436 212
437 191
438 437
439 71
440 295
441 56
442 29
443 52
444 194
445 67
446 270
447 75
448 205
449 273
450 296
451 381
452 101
453 48
454 274
455 268
456 318
457 277
458 4
459 453
460 322
461 248
462 393
463 89
464 460
465 124
466 226
467 339
468 7
469 425
470 242
471 188
472 271
473 418
474 400
475 347
476 474
477 354
478 262
479 413
480 430
481 189
482 41
483 303
484 199
485 339
486 466
487 73
488 284
489 233
490 79
491 38
492 376
493 350
494 335
495 279
496 244
497 23
498 127
499 106
500 133
501 97
502 283
503 242
504 191
505 100
506 270
507 485
508 502
509 307
510 305
511 453
512 256
513 176
514 361
515 441
516 283
517 169
518 71
519 363
520 4
521 257
522 181
523 521
524 134
525 401
526 449
527 403
528 419
529 78
530 100
531 21
532 7
533 83
534 170
535 329
536 511
537 365
538 452
539 491
540 55
541 40
542 165
543 177
544 41
545 407
546 367
547 367
548 41
549 67
550 67
551 451
552 550
553 433
554 32
555 109
556 196
557 516
558 26
559 43
560 334
561 525
562 99
563 191
564 265
565 442
566 451
567 114
568 281
569 67
570 364
571 15
572 509
573 527
574 203
575 349
576 286
577 129
578 554
579 300
580 175
581 433
582 85
583 389
584 372
585 108
586 394
587 271
588 23
589 369
590 322
591 227
592 583
593 251
594 346
595 105
596 349
597 29
598 7
599 309
600 541
601 319
602 316
603 477
604 358
605 173
606 40
607 236
608 370
609 443
610 173
611 67
612 175
613 58
614 129
615 522
616 406
617 477
618 498
619 251
620 312
621 211
622 586
623 349
624 514
625 341
626 541
627 497
628 514
629 235
630 81
631 541
632 262
633 341
634 180
635 447
636 275
637 612
638 54
639 331
640 587
641 224
642 571
643 409
644 35
645 285
646 483
647 61
648 90
649 329
650 274
651 79
652 31
653 238
654 3
655 653
656 609
657 529
658 257
659 568
660 468
661 41
662 492
663 413
664 366
665 533
666 375
667 235
668 459
669 241
670 332
671 115
672 69
673 609
674 433
675 169
676 649
677 629
678 55
679 482
680 330
681 145
682 106
683 1
684 575
685 245
686 64
687 71
688 519
689 105
690 383
691 157
692 119
693 677
694 162
695 261
696 458
697 379
698 565
699 134
700 673
701 127
702 160
703 5
704 487
705 691
706 672
707 296
708 99
709 277
710 607
711 253
712 71
713 143
714 357
715 181
716 573
717 549
718 475
719 519
720 305
721 49
722 570
723 595
724 301
725 342
726 374
727 475
728 561
729 376
730 612
731 13
732 323
733 245
734 462
735 343
736 83
737 687
738 235
739 367
740 493
741 681
742 307
743 107
744 719
745 163
746 231
747 321
748 244
749 353
750 214
751 172
752 704
753 109
754 577
755 679
756 639
757 129
758 108
759 329
760 294
761 237
762 491
763 295
764 406
765 664
766 704
767 374
768 250
769 40
770 440
771 113
772 712
773 302
774 531
775 760
776 311
777 18
778 610
779 389
780 488
781 53
782 676
783 429
784 338
785 497
786 766
787 200
788 658
789 195
790 210
791 776
792 274
793 199
794 32
795 768
796 199
797 539
798 666
799 613
800 20
801 601
802 604
803 53
804 746
805 271
806 28
807 775
808 64
809 201
810 321
811 501
812 655
813 593
814 88
815 686
816 4
817 169
818 668
819 531
820 670
821 671
822 158
823 647
824 552
825 210
826 457
827 792
828 536
829 769
830 587
831 122
832 336
833 295
834 683
835 595
836 364
837 797
838 817
839 303
840 380
841 610
842 533
843 75
844 248
845 485
846 396
847 2
848 53
849 171
850 757
851 235
852 545
853 220
854 79
855 665
856 379
857 511
858 497
859 643
860 402
861 825
862 160
863 831
864 555
865 801
866 303
867 173
868 511
869 785
870 670
871 291
872 642
873 369
874 706
875 497
876 50
877 154
878 623
879 473
880 664
881 337
882 358
883 841
884 303
885 366
886 100
887 137
888 606
889 881
890 451
891 324
892 54
893 164
894 803
895 169
896 91
897 296
898 470
899 413
900 66
901 826
902 457
903 564
904 191
905 475
906 69
907 895
908 879
909 795
910 805
911 835
912 658
913 776
914 866
915 378
916 581
917 183
918 481
919 55
920 315
921 456
922 195
923 635
924 713
925 183
926 877
927 690
928 910
929 128
930 492
931 487
932 153
933 530
934 517
935 189
936 919
937 445
938 378
939 430
940 24
941 857
942 415
943 559
944 636
945 388
946 667
947 617
948 339
949 229
950 322
951 337
952 111
953 129
954 799
955 385
956 243
957 557
958 433
959 11
960 130
961 751
962 344
963 327
964 169
965 386
966 16
967 529
968 682
969 647
970 590
971 650
972 336
973 882
974 104
975 748
976 793
977 721
978 641
979 683
980 828
981 27
982 700
983 841
984 411
985 377
986 242
987 900
988 472
989 39
990 714
991 977
992 664
993 705
994 316
995 806
996 406
997 837
998 561
999 968
1000 507
