1000 795
2 1
3 1
4 1
5 2
6 5
7 1
8 7
9 5
10 6
11 1
12 8
13 2
14 10
15 6
16 9
17 1
18 9
19 13
20 13
21 3
22 12
23 13
24 3
25 1
26 5
27 26
28 15
29 5
30 14
31 21
32 17
33 9
34 1
35 23
36 19
37 16
38 12
39 26
40 25
41 9
42 26
43 40
44 11
45 13
46 7
47 39
48 3
49 32
50 6
51 38
52 10
53 49
54 53
55 7
56 52
57 17
58 9
59 7
60 48
61 16
62 47
63 29
64 38
65 41
66 22
67 28
68 53
69 45
70 49
71 51
72 49
73 55
74 45
75 47
76 34
77 37
78 22
79 7
80 18
81 17
82 13
83 29
84 16
85 47
86 71
87 40
88 51
89 24
90 74
91 58
92 14
93 25
94 36
95 11
96 89
97 43
98 47
99 94
100 1
101 63
102 81
103 24
104 59
105 33
106 96
107 104
108 32
109 39
110 70
111 72
112 43
113 25
114 74
115 1
116 16
117 38
118 66
119 76
120 57
121 55
122 3
123 53
124 100
125 21
126 96
127 53
128 46
129 31
130 91
131 40
132 94
133 37
134 6
135 95
136 58
137 69
138 16
139 28
140 2
141 7
142 87
143 96
144 79
145 95
146 35
147 32
148 112
149 47
150 34
151 91
152 2
153 1
154 133
155 71
156 73
157 73
158 72
159 64
160 17
161 159
162 37
163 31
164 116
165 109
166 154
167 79
168 50
169 127
170 160
171 29
172 168
173 98
174 2
175 54
176 144
177 111
178 128
179 55
180 161
181 131
182 15
183 27
184 160
185 79
186 110
187 130
188 183
189 119
190 151
191 29
192 66
193 17
194 136
195 93
196 136
197 25
198 76
199 118
200 165
201 133
202 113
203 189
204 115
205 96
206 123
207 125
208 175
209 161
210 160
211 157
212 35
213 199
214 56
215 39
216 137
217 1
218 136
219 217
220 108
221 41
222 205
223 91
224 59
225 44
226 207
227 1
228 114
229 65
230 67
231 93
232 7
233 183
234 10
235 121
236 66
237 231
238 136
239 99
240 2
241 237
242 42
243 35
244 190
245 146
246 96
247 13
248 220
249 210
250 186
251 198
252 237
253 3
254 211
255 99
256 61
257 172
258 67
259 247
260 109
261 5
262 154
263 184
264 215
265 71
266 114
267 5
268 2
269 148
270 2
271 186
272 23
273 171
274 259
275 89
276 179
277 189
278 160
279 89
280 66
281 41
282 49
283 176
284 249
285 225
286 10
287 81
288 287
289 220
290 110
291 71
292 182
293 281
294 102
295 52
296 282
297 75
298 126
299 125
300 134
301 271
302 22
303 51
304 22
305 153
306 106
307 107
308 89
309 189
310 201
311 180
312 15
313 91
314 82
315 286
316 196
317 269
318 8
319 85
320 174
321 18
322 99
323 5
324 113
325 213
326 212
327 111
328 73
329 25
330 323
331 175
332 181
333 221
334 226
335 85
336 13
337 205
338 55
339 306
340 286
341 333
342 172
343 79
344 163
345 281
346 174
347 226
348 70
349 59
350 347
351 267
352 130
353 80
354 140
355 9
356 317
357 161
358 64
359 159
360 28
361 350
362 142
363 331
364 282
365 167
366 183
367 258
368 255
369 185
370 145
371 21
372 1
373 274
374 314
375 289
376 266
377 277
378 149
379 288
380 74
381 321
382 37
383 337
384 182
385 19
386 15
387 109
388 343
389 287
390 168
391 295
392 389
393 140
394 93
395 313
396 346
397 49
398 311
399 364
400 199
401 74
402 271
403 259
404 383
405 169
406 368
407 313
408 190
409 257
410 356
411 151
412 224
413 24
414 239
415 173
416 150
417 388
418 320
419 57
420 171
421 106
422 358
423 18
424 73
425 313
426 126
427 73
428 117
429 188
430 139
431 246
432 6
433 271
434 344
435 113
436 420
437 231
438 276
439 273
440 117
441 256
442 154
443 110
444 424
445 332
446 111
447 226
448 270
449 155
450 89
451 421
452 37
453 375
454 235
455 201
456 1
457 257
458 33
459 273
460 160
461 161
462 357
463 253
464 52
465 257
466 188
467 191
468 48
469 289
470 449
471 293
472 184
473 269
474 1
475 363
476 19
477 365
478 85
479 88
480 209
481 1
482 446
483 361
484 274
485 42
486 95
487 109
488 59
489 209
490 55
491 271
492 166
493 397
494 79
495 381
496 211
497 325
498 316
499 13
500 44
501 318
502 331
503 141
504 252
505 57
506 226
507 291
508 321
509 434
510 494
511 469
512 248
513 41
514 82
515 457
516 202
517 94
518 291
519 217
520 137
521 317
522 8
523 185
524 429
525 409
526 326
527 495
528 235
529 272
530 497
531 51
532 158
533 163
534 162
535 1
536 523
537 373
538 148
539 387
540 186
541 151
542 159
543 107
544 82
545 532
546 369
547 481
548 120
549 392
550 100
551 17
552 491
553 484
554 419
555 518
556 357
557 497
558 513
559 523
560 513
561 331
562 553
563 481
564 445
565 457
566 417
567 7
568 159
569 25
570 426
571 16
572 21
573 179
574 277
575 231
576 493
577 313
578 309
579 135
580 433
581 39
582 302
583 289
584 126
585 209
586 396
587 555
588 229
589 158
590 59
591 491
592 57
593 237
594 365
595 201
596 211
597 411
598 495
599 139
600 38
601 541
602 178
603 221
604 188
605 458
606 79
607 19
608 216
609 525
610 358
611 605
612 448
613 157
614 572
615 155
616 196
617 6
618 355
619 563
620 152
621 311
622 110
623 5
624 377
625 81
626 107
627 477
628 412
629 18
630 541
631 391
632 523
633 493
634 127
635 47
636 591
637 367
638 351
639 335
640 415
641 226
642 537
643 553
644 603
645 343
646 187
647 537
648 402
649 61
650 178
651 464
652 190
653 637
654 54
655 589
656 311
657 453
658 538
659 205
660 72
661 155
662 550
663 41
664 139
665 417
666 77
667 565
668 175
669 126
670 256
671 25
672 439
673 281
674 322
675 434
676 442
677 313
678 152
679 223
680 228
681 353
682 6
683 30
684 258
685 441
686 486
687 281
688 317
689 552
690 490
691 67
692 101
693 143
694 332
695 415
696 528
697 413
698 270
699 174
700 433
701 81
702 583
703 89
704 307
705 304
706 209
707 230
708 15
709 475
710 585
711 135
712 274
713 213
714 188
715 149
716 106
717 237
718 259
719 287
720 29
721 116
722 671
723 85
724 196
725 7
726 560
727 19
728 723
729 49
730 549
731 268
732 263
733 313
734 553
735 298
736 444
737 221
738 306
739 439
740 393
741 81
742 340
743 65
744 94
745 519
746 400
747 271
748 199
749 113
750 101
751 441
752 207
753 265
754 265
755 723
756 709
757 70
758 46
759 743
760 391
761 521
762 195
763 553
764 709
765 371
766 706
767 749
768 293
769 309
770 392
771 228
772 7
773 761
774 421
775 67
776 103
777 177
778 454
779 621
780 241
781 25
782 450
783 503
784 609
785 718
786 210
787 125
788 518
789 313
790 259
791 511
792 472
793 85
794 563
795 667
796 571
797 715
798 662
799 550
800 593
801 597
802 481
803 417
804 430
805 33
806 573
807 777
808 485
809 705
810 658
811 273
812 451
813 291
814 808
815 11
816 523
817 273
818 267
819 187
820 547
821 181
822 404
823 805
824 549
825 561
826 147
827 141
828 301
829 745
830 609
831 257
832 192
833 801
834 23
835 815
836 751
837 15
838 354
839 427
840 378
841 742
842 560
843 133
844 649
845 361
846 50
847 257
848 822
849 474
850 226
851 431
852 101
853 169
854 694
855 411
856 4
857 683
858 374
859 737
860 187
861 259
862 196
863 836
864 371
865 642
866 858
867 133
868 604
869 247
870 636
871 23
872 859
873 473
874 584
875 634
876 555
877 559
878 287
879 489
880 326
881 778
882 239
883 397
884 315
885 638
886 189
887 246
888 146
889 497
890 882
891 367
892 792
893 127
894 826
895 53
896 281
897 770
898 475
899 641
900 806
901 613
902 898
903 208
904 161
905 518
906 387
907 175
908 635
909 123
910 654
911 865
912 885
913 160
914 675
915 354
916 266
917 161
918 618
919 721
920 305
921 708
922 260
923 124
924 704
925 133
926 826
927 675
928 719
929 225
930 36
931 343
932 155
933 478
934 175
935 565
936 737
937 433
938 119
939 583
940 868
941 497
942 257
943 137
944 773
945 485
946 274
947 637
948 850
949 643
950 194
951 629
952 643
953 873
954 737
955 253
956 620
957 693
958 436
959 627
960 65
961 625
962 425
963 555
964 692
965 777
966 958
967 375
968 546
969 458
970 847
971 622
972 121
973 77
974 777
975 743
976 895
977 457
978 812
979 685
980 429
981 249
982 538
983 467
984 113
985 33
986 256
987 562
988 836
989 140
990 199
991 391
992 490
993 30
994 140
995 82
996 320
997 562
998 990
999 958
1000 523
