200 45
2 1
3 1
4 1
5 1
6 2
7 1
8 3
9 6
10 5
11 6
12 9
13 1
14 13
15 12
16 1
17 13
18 1
19 15
20 4
21 2
22 16
23 21
24 12
25 13
26 16
27 21
28 4
29 26
30 22
31 16
32 15
33 1
34 2
35 11
36 29
37 13
38 5
39 35
40 35
41 37
42 18
43 22
44 36
45 37
46 1
47 29
48 10
49 23
50 22
51 35
52 18
53 5
54 48
55 10
56 31
57 24
58 1
59 6
60 21
61 47
62 22
63 37
64 54
65 31
66 22
67 13
68 36
69 1
70 7
71 17
72 60
73 67
74 39
75 50
76 61
77 53
78 61
79 34
80 62
81 61
82 75
83 65
84 5
85 62
86 67
87 44
88 1
89 57
90 66
91 33
92 74
93 18
94 53
95 93
96 58
97 67
98 73
99 26
100 96
101 13
102 98
103 67
104 31
105 89
106 85
107 73
108 73
109 25
110 89
111 65
112 67
113 14
114 43
115 49
116 26
117 111
118 84
119 19
120 81
121 4
122 93
123 35
124 44
125 109
126 95
127 83
128 79
129 89
130 58
131 38
132 83
133 129
134 30
135 10
136 28
137 73
138 90
139 35
140 56
141 29
142 85
143 125
144 32
145 142
146 6
147 27
148 6
149 107
150 138
151 63
152 69
153 151
154 109
155 26
156 1
157 5
158 156
159 27
160 1
161 74
162 92
163 33
164 16
165 150
166 31
167 53
168 94
169 57
170 43
171 53
172 100
173 58
174 99
175 66
176 55
177 56
178 158
179 163
180 149
181 141
182 80
183 25
184 15
185 148
186 86
187 106
188 90
189 56
190 155
191 81
192 145
193 154
194 41
195 72
196 25
197 169
198 73
199 34
200 24
