1000 193
2 1
3 1
4 2
5 2
6 1
7 3
8 6
9 1
10 7
11 7
12 9
13 5
14 4
15 3
16 12
17 7
18 14
19 7
20 6
21 1
22 14
23 3
24 8
25 7
26 6
27 19
28 14
29 22
30 2
31 9
32 5
33 15
34 2
35 29
36 1
37 1
38 11
39 35
40 1
41 1
42 21
43 37
44 25
45 13
46 33
47 23
48 45
49 9
50 31
51 9
52 28
53 12
54 30
55 35
56 54
57 25
58 27
59 37
60 49
61 38
62 6
63 23
64 32
65 20
66 62
67 19
68 38
69 30
70 53
71 16
72 5
73 28
74 28
75 65
76 34
77 15
78 16
79 19
80 57
81 9
82 52
83 82
84 1
85 61
86 62
87 27
88 74
89 65
90 77
91 31
92 16
93 49
94 28
95 39
96 66
97 67
98 13
99 29
100 66
101 16
102 92
103 52
104 18
105 45
106 70
107 25
108 94
109 39
110 98
111 31
112 100
113 77
114 2
115 34
116 15
117 61
118 79
119 108
120 57
121 45
122 48
123 5
124 10
125 85
126 103
127 19
128 24
129 89
130 79
131 125
132 7
133 86
134 89
135 1
136 28
137 1
138 137
139 123
140 111
141 80
142 85
143 109
144 12
145 124
146 26
147 58
148 1
149 37
150 149
151 136
152 116
153 61
154 67
155 15
156 27
157 85
158 107
159 107
160 31
161 91
162 71
163 103
164 78
165 42
166 82
167 34
168 1
169 25
170 142
171 66
172 99
173 65
174 135
175 115
176 134
177 12
178 19
179 145
180 74
181 85
182 18
183 88
184 7
185 150
186 77
187 7
188 182
189 34
190 106
191 145
192 12
193 64
194 5
195 174
196 16
197 6
198 25
199 151
200 192
201 103
202 34
203 106
204 3
205 64
206 132
207 5
208 67
209 180
210 169
211 104
212 9
213 55
214 193
215 1
216 160
217 101
218 85
219 105
220 85
221 8
222 124
223 171
224 115
225 109
226 67
227 169
228 120
229 185
230 54
231 217
232 159
233 127
234 12
235 228
236 229
237 150
238 198
239 87
240 82
241 113
242 86
243 119
244 34
245 27
246 222
247 187
248 74
249 1
250 239
251 116
252 1
253 3
254 117
255 173
256 208
257 153
258 12
259 1
260 38
261 237
262 259
263 81
264 36
265 67
266 7
267 227
268 166
269 93
270 1
271 9
272 63
273 105
274 164
275 12
276 254
277 163
278 129
279 241
280 144
281 241
282 199
283 211
284 139
285 274
286 89
287 249
288 236
289 93
290 154
291 267
292 206
293 1
294 63
295 67
296 250
297 53
298 166
299 73
300 66
301 41
302 33
303 223
304 103
305 279
306 116
307 10
308 1
309 213
310 63
311 95
312 282
313 250
314 89
315 31
316 155
317 226
318 293
319 113
320 309
321 220
322 88
323 113
324 34
325 9
326 222
327 77
328 219
329 155
330 80
331 289
332 93
333 205
334 49
335 165
336 11
337 47
338 191
339 221
340 82
341 9
342 125
343 179
344 128
345 86
346 311
347 325
348 89
349 270
350 68
351 244
352 58
353 61
354 140
355 232
356 291
357 179
358 70
359 209
360 36
361 345
362 51
363 27
364 254
365 341
366 319
367 1
368 41
369 275
370 300
371 202
372 304
373 121
374 344
375 333
376 61
377 23
378 174
379 118
380 246
381 337
382 55
383 115
384 367
385 185
386 254
387 144
388 261
389 107
390 278
391 14
392 166
393 302
394 169
395 171
396 271
397 373
398 100
399 43
400 141
401 161
402 370
403 110
404 403
405 381
406 313
407 267
408 222
409 108
410 324
411 236
412 193
413 276
414 111
415 253
416 397
417 109
418 196
419 121
420 78
421 289
422 78
423 19
424 58
425 253
426 284
427 245
428 170
429 183
430 69
431 371
432 31
433 297
434 213
435 147
436 195
437 261
438 229
439 288
440 229
441 425
442 155
443 11
444 158
445 313
446 260
447 199
448 37
449 56
450 33
451 103
452 428
453 261
454 409
455 221
456 315
457 271
458 408
459 91
460 31
461 181
462 152
463 43
464 50
465 329
466 271
467 183
468 410
469 43
470 445
471 393
472 101
473 389
474 408
475 419
476 231
477 29
478 254
479 158
480 311
481 411
482 379
483 378
484 104
485 35
486 222
487 451
488 142
489 12
490 249
491 129
492 413
493 353
494 287
495 283
496 148
497 243
498 490
499 321
500 425
501 174
502 393
503 357
504 116
505 1
506 113
507 201
508 25
509 251
510 182
511 386
512 381
513 313
514 259
515 487
516 41
517 240
518 136
519 5
520 394
521 121
522 92
523 451
524 233
525 37
526 115
527 351
528 54
529 1
530 125
531 480
532 265
533 295
534 91
535 443
536 51
537 83
538 471
539 493
540 451
541 253
542 474
543 183
544 228
545 259
546 233
547 437
548 24
549 149
550 119
551 276
552 401
553 301
554 322
555 416
556 202
557 9
558 169
559 51
560 66
561 479
562 70
563 118
564 497
565 397
566 228
567 117
568 484
569 505
570 165
571 541
572 215
573 281
574 123
575 395
576 529
577 196
578 77
579 181
580 499
581 97
582 128
583 178
584 195
585 97
586 523
587 276
588 257
589 157
590 447
591 459
592 263
593 255
594 342
595 363
596 69
597 293
598 114
599 242
600 515
601 281
602 445
603 346
604 363
605 306
606 485
607 133
608 330
609 111
610 239
611 543
612 586
613 65
614 139
615 341
616 437
617 378
618 323
619 148
620 184
621 427
622 108
623 398
624 238
625 291
626 499
627 181
628 420
629 249
630 43
631 231
632 600
633 227
634 404
635 549
636 524
637 177
638 172
639 599
640 253
641 377
642 332
643 145
644 265
645 580
646 73
647 520
648 304
649 93
650 502
651 600
652 481
653 33
654 20
655 157
656 211
657 608
658 376
659 113
660 402
661 628
662 416
663 653
664 588
665 613
666 141
667 523
668 376
669 304
670 172
671 604
672 416
673 407
674 648
675 532
676 651
677 349
678 133
679 421
680 577
681 60
682 437
683 529
684 551
685 46
686 591
687 612
688 91
689 160
690 305
691 385
692 276
693 612
694 304
695 143
696 90
697 373
698 141
699 67
700 61
701 421
702 602
703 495
704 158
705 457
706 8
707 295
708 156
709 13
710 646
711 551
712 523
713 391
714 63
715 304
716 309
717 469
718 551
719 637
720 671
721 712
722 148
723 489
724 451
725 673
726 12
727 260
728 687
729 17
730 418
731 533
732 124
733 593
734 25
735 663
736 319
737 257
738 671
739 681
740 59
741 261
742 402
743 559
744 423
745 229
746 732
747 107
748 651
749 259
750 427
751 457
752 695
753 39
754 208
755 261
756 161
757 388
758 740
759 166
760 577
761 630
762 667
763 517
764 123
765 137
766 280
767 433
768 508
769 697
770 306
771 761
772 761
773 97
774 307
775 331
776 211
777 749
778 211
779 715
780 459
781 736
782 410
783 23
784 696
785 198
786 570
787 257
788 323
789 633
790 322
791 423
792 513
793 693
794 45
795 371
796 775
797 661
798 348
799 269
800 30
801 193
802 299
803 528
804 137
805 149
806 475
807 797
808 457
809 445
810 440
811 101
812 29
813 4
814 660
815 573
816 478
817 209
818 552
819 695
820 433
821 171
822 34
823 730
824 635
825 481
826 7
827 57
828 283
829 579
830 622
831 167
832 172
833 617
834 605
835 474
836 529
837 149
838 205
839 375
840 476
841 541
842 762
843 355
844 590
845 512
846 242
847 789
848 580
849 825
850 139
851 812
852 38
853 625
854 496
855 403
856 349
857 89
858 94
859 765
860 186
861 391
862 610
863 225
864 80
865 185
866 280
867 521
868 511
869 191
870 838
871 465
872 170
873 488
874 5
875 331
876 217
877 741
878 135
879 464
880 457
881 541
882 799
883 449
884 410
885 225
886 126
887 611
888 144
889 731
890 325
891 81
892 774
893 817
894 239
895 493
896 298
897 281
898 337
899 665
900 633
901 549
902 587
903 537
904 49
905 557
906 238
907 65
908 892
909 649
910 451
911 183
912 48
913 169
914 776
915 481
916 76
917 259
918 786
919 392
920 685
921 337
922 181
923 209
924 556
925 403
926 131
927 677
928 780
929 881
930 640
931 621
932 713
933 445
934 901
935 77
936 74
937 658
938 281
939 159
940 793
941 585
942 28
943 226
944 163
945 337
946 832
947 575
948 522
949 598
950 729
951 13
952 8
953 752
954 46
955 621
956 142
957 727
958 109
959 388
960 308
961 69
962 33
963 821
964 802
965 257
966 237
967 676
968 130
969 491
970 835
971 345
972 133
973 561
974 601
975 159
976 728
977 910
978 888
979 952
980 174
981 331
982 506
983 561
984 297
985 34
986 320
987 9
988 925
989 27
990 701
991 271
992 983
993 310
994 703
995 285
996 848
997 940
998 102
999 587
1000 271
