500 1000000000
2154518 5
9316098 6
21016105 9
1263371 1
60161159 2
22370209 7
43457924 4
3348163 3
46716132 1
88710431 7
39326307 9
29550490 1
43715118 1
26096332 10
50395496 10
62412417 8
36062374 9
17889081 4
46693235 6
70125992 5
20476620 1
79701303 7
60876709 10
82953601 8
17645155 10
18870999 5
90943840 6
90283964 5
54640490 5
90587242 8
23776836 4
33179723 9
72402211 9
10404737 8
1038386 3
80306271 10
44083983 7
88914669 1
74235468 3
72930152 7
67502830 5
34193855 3
91939313 6
74622487 10
93780931 1
49090121 8
80910789 1
63708255 4
98471117 9
49831450 7
85935014 2
56842607 7
21194894 10
42184197 8
19688631 9
58779832 2
46997191 10
39898393 7
12607065 1
81080812 8
98467961 10
62189737 4
52588075 1
86783740 2
80773349 1
83541317 9
87571984 3
93017112 8
83875467 1
73571005 2
70146856 5
41797554 3
22399790 7
77992996 5
7546837 10
66319226 9
16760525 5
84907210 8
27712183 8
93271906 1
80413354 2
95826496 9
81574575 7
40093594 1
48661061 7
27798104 7
35440863 6
81194388 10
70709601 10
27471649 8
47151271 7
2627073 4
59764733 6
77958381 5
37073832 1
15892945 5
16477276 5
86411597 2
80389827 8
12612406 6
95035901 8
60217619 2
36030490 10
4457888 2
79456418 2
30309966 7
38503693 6
99180993 1
28055883 9
43749713 7
95703614 8
98028938 7
23680315 1
39687084 6
85933965 5
14353707 5
92084465 1
68036143 6
34230043 9
97122838 7
25540912 6
65501933 2
99447626 9
28204795 8
80256503 7
95513398 6
55683257 9
19949260 8
94915976 2
29152155 9
10654028 9
59857849 8
93065571 5
59056621 5
24175649 4
7869492 2
75267403 4
75055933 5
10873755 10
72649710 7
16909119 1
35688669 7
84658010 8
98810583 10
91157633 10
65389916 7
77593408 8
26679585 8
93158035 2
25452940 3
42021740 10
1105468 7
79409459 2
11609471 5
69334594 5
78612442 2
22894437 5
24958596 1
60902240 7
67300331 1
31589737 5
95641390 9
78071977 8
55551905 9
19526335 10
1384525 3
60678973 5
99154541 10
51656745 9
69785586 9
29462653 3
55105791 9
98722216 1
18409837 4
99446539 10
42575177 2
50861949 10
56747857 4
8874951 2
97771387 5
41091113 6
57734254 10
89978067 2
66391559 5
21524588 3
75963605 8
61552271 10
74517406 9
55629640 1
50270680 9
4888988 6
31129904 8
41900542 10
69757702 9
61256667 9
20394734 5
37467663 10
23628849 2
50378862 9
25271371 10
50219068 1
24701035 9
20334261 9
19732981 2
15286406 3
75726083 9
92358481 5
76379360 5
39420717 3
97737612 4
58326052 9
1009467 2
51318452 10
22500309 5
77904718 10
87554167 1
41030106 8
42442737 5
2230065 8
63074631 5
15122337 9
55295280 2
40096620 4
58527385 7
15090505 1
35412259 5
38821090 2
53992097 8
62258773 10
9667995 8
45564596 8
80727501 9
33971076 6
23713449 3
62036033 5
13587921 3
55679961 7
91581342 10
15715884 6
94697884 7
51108755 5
72139275 1
52076118 5
30770271 7
39274804 2
29887681 2
10607326 2
64067981 2
79684476 3
94925266 3
70013736 3
91144148 4
95647342 4
23910797 7
71298002 7
43934760 2
92819785 6
2708869 8
36796351 1
24527800 10
35690896 10
17187721 7
72300047 5
12514037 3
18314754 4
24344748 2
6988323 7
31112593 2
9177760 3
76112190 6
48131741 1
70845565 2
22553517 8
63929551 9
68639837 4
60368617 2
20460457 5
90032946 3
14215300 4
64149575 2
52955220 4
17224055 10
43319667 10
5815367 10
33766576 6
13770223 2
24557004 9
34408667 3
38072318 6
3107883 5
60053616 6
5251124 7
46907839 1
30033661 1
35489150 6
93913026 7
44943028 3
63087988 7
33705817 10
71912759 1
17472733 6
13197026 9
15637154 1
51780739 4
21706109 4
56921305 2
86597432 2
10570200 4
10310163 5
34330920 7
93501502 8
87371942 4
49986145 7
67090402 6
48342804 1
1628575 1
97594984 9
61235542 8
52195676 9
3165620 6
18766440 6
72872983 2
60849398 1
17026069 9
37635300 7
58309621 10
61130243 6
19464756 3
29356187 7
97596161 4
94510565 3
4172225 6
95999631 3
60423308 9
23103292 5
32010926 1
37808641 8
61316647 9
32078313 1
2140715 2
97967730 3
99176355 9
48271630 9
28209834 2
86277538 3
80886289 5
89921546 9
25542108 7
50018196 1
23926979 8
32827009 7
18520497 3
24144263 4
69722696 4
65313105 2
6745435 5
70857213 7
85959538 7
27803549 9
36094794 2
34472631 2
11649363 7
41724613 4
1173040 8
33967798 8
27993147 2
96528491 7
58559998 3
60037690 8
34735802 4
83597167 9
8362212 2
98966214 1
15898531 3
9622258 2
33719892 7
77198617 3
42490118 1
67763285 4
50805246 1
32696373 2
12046644 4
18740282 10
6173396 4
43349595 5
3760830 1
51992193 7
21465862 1
88168204 9
96829045 6
14122060 3
17183494 8
2018056 3
89191530 2
27702779 2
83648133 8
46811986 1
99817710 1
14558511 4
78484595 6
30118953 1
87282579 2
19766985 6
23676674 9
54933007 2
47215912 7
77391851 1
24635042 7
12024261 3
83231168 6
13030133 3
72023813 9
61129803 6
56956586 1
88515721 6
8213787 9
18140900 10
32673145 2
99466887 8
55760406 2
78843151 8
48571132 8
46149648 4
30947431 6
47361678 8
40359238 9
30992517 7
98719678 10
49966946 8
59709863 10
55773576 3
38743053 4
63454412 9
76642736 9
66651641 8
95173508 4
28819277 10
98199602 5
30193402 6
47913621 3
58705573 9
39536958 10
25527786 10
36090609 6
50753239 5
21244197 10
94508141 7
24050824 4
37661986 5
66530681 5
60092001 1
82747276 6
84542216 9
77613321 7
2433769 8
50603117 6
59778378 10
22838247 4
3883109 10
67022301 10
58932968 7
91580773 8
19913846 2
60101068 3
23028005 8
12887314 3
2798590 5
69843820 5
62383488 5
5277121 7
46508829 7
76935982 9
80128187 5
69093250 3
10061876 8
90062274 4
64485079 1
10111653 9
62748645 1
74581273 1
17413141 1
89277373 5
59865872 4
23356006 9
94507509 6
15284890 3
35296471 5
23141656 5
80961082 3
20408653 4
25020313 5
61903584 4
89112035 8
79308839 7
38141433 10
63357104 9
76790834 6
79960250 3
6853592 9
68420537 5
