500 500
125 287604532
185 328106941
1200000 727423850
82 425338026
86 747844001
1000000000 226366666
91000000 727654625
106 901718016
67 738575880
174 758358594
114 297653318
89 965019676
101 401767842
27 674111277
175 327019379
200 867907241
109 5520616
8 822841301
162 19580801
15 76521102
179 246648212
78 529177026
84 417101513
184 89250805
18 437602973
158 411734974
127 438788323
139 812565576
97 587928638
25 906532305
123 36551337
170 158725678
50 296513008
32 790923589
137 160834612
62 85322129
198 422418538
188 1816738
195 136774364
175 823951258
197 535241126
6 307093426
56 482775355
198 477631155
138 659485918
24 607632253
60 360443690
118 60669059
116 872114826
161 830052940
69 392999361
142 579557364
109 899864675
180 449899433
110 115372890
95 146746671
94 790339939
168 236769372
80 792486798
91 356672925
32 509396417
104 777693807
90 721966902
99 883141095
20 612135672
20 1041194
87 199874666
15 76643317
82 766579648
108 994733335
87 44512900
89 4127986
189 424796178
131 530051070
108 120067613
49 309096262
196 567569704
121 806501609
182 7471373
81 693527194
185 80723321
191 827845664
190 749500014
33 851912662
108 721047744
95 220673836
102 152894105
163 437088037
160 271201269
200 979306711
22 975841062
64 731259375
36 727060817
156 620596522
39 861584112
160 22489308
35 378880078
108 371278189
66 525675021
189 349007319
148 924669347
106 470320169
81 132132313
103 318244871
105 625259339
109 840049960
116 38243051
96 408956886
10 344070270
176 683505010
197 23139101
193 789896430
170 996979126
187 229037905
84 696537480
58 843292726
168 2055850
118 328093261
66 210894468
117 909849560
103 172045397
124 978456367
161 670047660
66 812288829
62 385362158
181 921735169
160 136697814
179 526410511
167 888539121
50 461903884
51 819563294
136 852119861
82 40964116
140 62719448
24 80861915
187 863425753
90 281005393
84 649974062
146 770981799
117 727017060
102 207136994
172 725104408
97 88643419
150 225675135
152 617773375
27 593898974
55 989115663
16 503370515
2 887263777
123 184910602
67 44345117
59 441060680
106 710988929
14 720745828
65 630110494
25 549434249
28 776158872
163 20186358
135 376020970
162 418319486
184 211844064
93 685736712
104 762736027
104 461846544
102 481195281
28 37200420
84 645607306
116 441859943
96 683925540
145 446252562
4 73353296
86 139109614
31 374853714
148 344216539
186 958988229
48 24310861
124 234898965
176 261472713
158 234722051
98 855495276
136 594788133
45 277718885
122 186991715
198 54103414
91 32373882
132 692702583
94 537258877
37 966077650
87 43727440
55 549993992
187 187008299
15 647921963
21 714231325
157 455627874
154 36422534
189 201634920
118 315831963
136 27774221
101 433954278
82 76929459
75 978329028
178 715511250
140 774037734
156 742423925
85 65304272
2 27270588
88 167853660
111 135443800
124 66505272
115 792093969
19 262102372
90 775663683
107 342712757
84 19271004
109 541354581
118 772392544
73 280607809
72 307112294
192 72722121
6 938150168
16 332508180
63 850169143
179 324696473
32 91149076
72 466399398
154 258006552
137 469335773
88 21157949
4 836830899
58 447226515
19 200808431
92 792081852
171 308590641
200 870470256
72 406780776
32 339116538
96 349088858
13 260925113
19 617760033
147 508779680
50 330676136
186 524773814
45 752420402
6 213548694
91 349121491
32 969836273
101 714822901
44 398084615
43 821225428
9 50535218
55 65213186
3 415357531
109 8101349
156 333563010
121 470282036
87 845124667
152 760239485
140 579465771
134 668963234
71 943830415
183 114759511
192 708441270
174 701206438
140 389473666
25 40343403
51 323980779
122 800229848
160 26376827
127 591873266
45 457867475
36 916129298
140 20184101
20 171786341
38 19781560
100 313261933
32 192499559
176 832163710
137 394815010
11 388691521
118 28336235
75 724859701
174 409531611
114 48444969
126 421048987
143 67299779
198 560412139
51 304961532
82 712038046
149 740028065
170 832791196
183 316566995
75 771808862
158 515250824
116 224073078
37 542635785
9 966261508
155 170412914
99 636312130
144 562036277
62 606394106
132 937966743
89 30948874
153 744321840
18 766846439
68 881628783
176 616193815
47 773241621
95 662222005
138 936181430
95 928152816
197 317898811
197 465369485
200 209594466
105 796788833
11 777454140
14 904930264
7 949478318
125 943534961
83 583771632
139 715271231
127 623914513
46 430801257
93 167085426
132 528508074
75 108905030
84 554522323
90 479969305
51 324634692
2 64399430
112 146508151
52 447040126
8 102517621
118 531744072
179 540471390
83 857210492
117 550988774
56 530934727
126 874312658
64 739912490
90 498614399
137 879258490
138 908893532
61 183706850
193 806275435
81 567320924
200 625256388
113 7244604
59 742932498
83 651528102
114 895717139
176 987908882
104 804529948
6 629982671
143 933765267
160 975522429
178 163633780
52 187515026
9 38800076
156 194567382
169 561749825
78 940386791
98 414870920
28 136536245
127 538227693
85 665030919
2 325413327
10 936024564
37 395927586
137 411464299
65 133149163
46 968245676
123 725124295
85 879511500
98 823630180
41 741086773
131 927017990
192 942413860
69 381396228
156 345205545
77 958437704
92 465274795
11 903551699
177 124860769
107 929487159
170 976381914
85 680727066
152 275623670
109 700535226
99 969262954
124 237175651
195 441335616
173 553570811
135 869040724
41 854186103
154 385430233
100 789389923
137 482234834
173 946142302
158 662058905
146 251401371
32 741334108
50 26780001
24 65728667
65 217682828
134 81315243
111 85148426
138 597526070
193 777270110
68 479182520
71 551768609
188 620082692
156 427442556
154 608835005
169 379758768
176 897147613
10 39783054
163 807388721
8 158246911
6 969811163
197 15176317
110 524683471
163 562500247
143 901503319
22 249672305
13 68477839
157 877206594
52 875049706
189 805742805
153 201374123
134 741669385
15 790251884
116 67083089
147 664918938
191 820441652
40 934783479
11 73446605
36 850237207
153 253717580
49 508028643
28 306704756
68 469485338
69 549126427
145 439396299
32 173263533
102 226616284
156 884640425
124 838416774
95 11381539
49 341185238
128 926626880
104 591896110
115 57197245
31 145733314
192 427493992
168 182590747
196 673534629
145 904200087
174 970558187
180 212849383
68 536893765
7 40663696
52 198489297
189 1832811
35 866321988
172 400302629
177 727140
117 35479488
3 20764812
79 183234064
88 742090540
36 153791038
125 538703942
82 57697096
169 860062706
195 558150271
1 145606363
174 610345992
28 757273280
196 703737692
56 15148276
68 869597128
28 251103454
79 970525933
157 776369274
156 50398017
113 318749910
30 113343628
7 701088918
81 373131372
164 546993777
112 227509458
55 6290353
130 218121859
70 877002422
160 978030999
159 451405684
89 165634557
121 127938544
79 270205942
32 230634184
