500 1000000000
21258147 8
1249695 5
40277462 8
28541256 8
20978900 7
13311102 8
34714353 5
9881536 4
7228017 10
39155004 2
10492304 6
25835735 4
40610171 10
20217257 7
11934677 7
6364030 1
1095219 8
39924566 7
6552864 3
22273125 4
40336281 8
40180500 10
29585938 1
27468926 3
311664 7
49417460 8
2708109 9
11405689 4
10610231 4
4246471 5
12801585 1
38855112 2
35880624 6
38833054 7
1529055 6
7257116 7
22985564 4
16383050 4
20430265 8
5394661 6
46098555 10
21165916 2
44301854 3
20580692 1
8825360 6
29738534 1
47421106 8
7365596 7
31587802 4
8427191 10
27056723 9
8662700 10
9171163 3
39158114 3
19627172 4
2968117 5
24038484 9
33230518 4
5600646 4
25617321 1
22521542 5
12376454 7
46583960 4
42132089 3
12368370 10
48529890 6
19324733 2
19640917 3
30926424 6
13825050 7
23861909 6
47676847 6
45370299 4
27750721 4
41171458 5
35692215 8
49856026 4
28374055 5
25451812 5
36569439 2
7904823 3
17207901 2
3925596 4
41553879 2
4721170 4
11332277 2
40383308 9
25022865 7
39576558 5
33622206 3
21374164 8
23061950 5
1934922 5
14672586 8
12299029 8
47139662 10
16156137 6
14218602 3
43371888 7
38909171 3
10170698 7
13257328 7
44716679 1
10010141 9
20510767 5
16595179 8
27099450 1
44452350 4
29267992 4
23744046 10
48414379 3
40999431 2
19288392 4
47595977 1
39514298 10
15486952 4
16261182 10
14355980 5
20369032 4
14366099 6
38782653 3
8179978 7
28641655 8
22054456 5
40543300 2
45046035 9
12170534 2
24643529 1
12678677 9
43486648 2
28574457 10
9569398 9
2542384 10
48656586 10
37800206 7
13094705 9
34438360 9
47901402 8
30698824 5
41368619 8
36237836 8
2210490 6
18598087 3
41454036 7
31107726 5
36117241 4
36177645 3
27485790 1
35418592 7
8333033 4
9422809 9
18021689 4
10767808 7
17105948 6
29757935 2
22135063 5
27523250 4
11051489 10
48586061 8
47925736 2
17469046 10
22761547 8
27254486 5
4936414 8
20861580 7
3770154 4
31823786 6
4052714 7
5202486 8
5416719 6
30484266 2
49723068 8
12425717 10
47750090 5
14615928 1
34891590 9
32670474 1
14035438 1
48655732 5
48250552 6
1468278 9
27141835 1
12350272 1
33013508 6
20966777 10
17987570 9
26946748 1
17712987 10
2116885 2
49149237 10
47576713 1
11428269 7
45896459 1
33438115 8
41668488 6
45710379 2
33144924 9
12574734 3
26494811 2
29842504 1
45623241 6
46892424 8
2617954 2
14023218 5
47073747 4
41593824 10
38757182 6
18368733 4
15571258 8
41519913 5
3110737 8
1161592 1
6070401 5
4693554 8
7764411 9
30107252 10
8588903 3
47252366 8
48886622 5
32168580 4
5984366 6
40701325 3
40271833 7
12207766 10
13428438 4
11878336 10
24204047 7
2722526 7
26085410 5
35174136 1
26651681 5
34971594 8
23684497 5
8690502 2
49290862 6
31292942 4
29325734 6
20267515 1
43376665 1
36360217 8
45343136 2
28740008 8
28057347 8
30562588 10
12143361 9
24899358 1
45438155 1
30003082 9
41618057 8
36262383 10
47866837 8
9943825 7
4593211 7
45877098 4
26411583 2
47288101 3
33016150 3
15735202 7
3408620 4
49189365 5
43859549 3
29188582 10
34616444 4
16398322 10
2402959 5
22140233 3
25472464 6
24748750 7
27165549 4
17584027 9
30763658 4
12148090 9
11162682 9
7057772 8
25850378 1
9833894 3
11445622 8
45313935 6
30275441 5
6015812 3
6714465 7
45154196 7
2434848 5
48029828 1
10829053 3
48489420 5
34674489 8
13693144 2
22610699 3
28887112 6
7895197 1
29585649 2
23193100 2
4852954 6
29034859 3
47470271 6
47147841 10
47410961 8
33419270 3
38930932 4
29835306 3
41196351 6
29498383 10
42756224 9
28431882 1
12867958 1
48811877 9
9741205 3
19379168 10
2430341 6
14532779 5
2620195 3
48120174 2
7806207 1
38687297 6
43515996 10
42774069 8
8773171 1
43542473 8
5832113 9
21421429 1
35212468 3
13662115 2
41000786 2
5778993 4
45914578 9
35905264 3
22694961 6
23419432 6
18446622 5
49195154 2
20863358 7
187868 6
1241065 8
18193833 2
46401195 2
36392846 7
30081732 8
25522070 10
951912 5
1378751 2
3803264 10
532219 6
43163815 5
2495407 10
34387758 6
35237175 2
17069721 4
39539297 6
8024864 7
5403118 10
47118126 4
44915860 1
44847845 9
49355134 7
30393112 6
33342922 10
10091983 10
33807882 6
38997959 5
22877892 7
45285488 4
1413106 1
17537133 7
32530819 3
5371160 3
22848344 4
48881403 2
2963911 5
40028375 5
8270236 6
30588193 3
20493843 2
9569280 6
16853983 9
48346833 8
11533094 8
6260899 4
44308226 9
42005819 2
40334082 9
32672017 5
22545703 1
8185809 1
32205032 6
15446235 4
17296302 8
18528323 4
18737753 6
7521746 7
25130297 10
43501443 9
8507157 2
9387911 1
18587816 9
49717954 1
13458847 10
39948619 2
45882268 1
18478960 5
41161782 4
5360816 3
25669366 3
45575615 4
44577244 9
1155973 10
15885656 6
38902175 6
40733522 8
9820381 9
44546210 6
12897346 4
36851352 1
40367623 2
47292278 3
9899160 4
25112945 7
7144214 9
46000308 1
2463059 9
27529308 7
22082265 3
38387197 1
33163748 1
22000155 3
23341283 4
3106866 4
14396923 1
10988591 9
36368260 3
42035701 10
28377610 1
42613849 4
31248461 2
3783334 5
16745409 7
36547354 3
14958095 8
49883751 1
38144658 2
5498674 2
2653659 3
38273175 5
26637102 9
44558628 2
41215490 3
34546778 4
25409157 5
12750639 4
27562006 2
11596558 10
29155657 5
1344981 6
37619174 4
25900630 3
2492394 9
28758871 9
42347780 5
7259538 7
32405274 9
38071221 8
4799426 1
13696227 9
23183177 2
46562226 5
30278703 10
44934187 10
41088681 6
14486349 6
34821278 6
47461258 10
40549035 2
45037896 2
44995615 6
4069345 7
30281727 5
26407076 10
42835842 6
33983826 6
25612566 8
36843810 6
36836186 6
42599741 3
19404579 4
29394114 9
38109175 8
39992644 6
24736661 6
18058183 6
2736618 5
9626054 10
26926749 1
36366896 3
29087748 2
36862182 7
2337581 8
42150719 9
33911895 10
30218501 4
15563766 2
