500 500
69 552091804
57 278050213
16 966780370
14 484323218
82 156706057
60 662837426
3 648240457
34 910376168
7 365554544
14 607647786
74 973177518
97 923350788
93 246830346
99 9927957
15 683772891
28 775911313
21 68699728
24 571443645
94 57596393
15 7939958
43 527943932
18 764339626
96 136346417
56 970309853
34 936982533
74 59683238
87 913004363
7 569555760
33 231682982
9 41008057
7 191996689
42 939130646
30 158351192
72 338217773
69 71283868
62 815367289
98 502373330
72 35638410
51 728452932
47 429927554
49 833312526
90 827442586
84 755683235
42 33313179
42 101899334
8 540799845
12 314548114
58 566024043
64 532612082
13 176006196
45 28365865
54 34552540
85 778478539
32 282380177
34 505677762
11 625156631
14 887070411
88 555810372
52 864053750
3 784755845
72 824243497
56 509520471
10 474763166
83 187155151
36 71324768
40 145686290
31 707642066
27 404039389
26 443885352
28 625873151
79 233509612
65 207455194
53 320185722
51 647751142
48 64068229
29 535838254
36 681075856
85 336987345
46 632701301
65 869942146
45 412346081
11 844858888
2 55926486
89 978000574
20 197012520
83 724247316
62 140549889
83 512848909
16 39024477
64 895698623
6 644758926
88 756693207
44 639258809
20 23515922
71 211731288
12 997563332
39 509161910
40 186983253
46 630793333
13 273754303
28 199325963
38 772585489
9 992221761
23 192697583
5 117999795
41 555100944
100 505819987
20 233049790
62 54927334
8 885083482
73 245719941
13 563662294
74 925952798
19 917143865
40 600314864
18 566731550
92 75371538
50 429017653
38 869642988
81 582961344
71 537219517
100 492199191
81 10058260
26 435073573
82 968652886
57 922005481
36 157937726
43 98835447
7 616171865
18 948701684
75 522032518
72 374217757
74 60455292
84 962302912
40 538302275
19 335196609
34 444838585
52 36117782
10 909651471
21 148460876
66 589086794
84 524033792
9 982316995
50 670533735
60 144065191
39 879388614
47 490243959
20 897902075
62 631672201
35 956927730
51 226702725
35 785265200
18 673481193
26 905548620
21 567472006
97 843311729
60 956767744
75 691549406
91 68353618
6 661869926
68 610536776
73 769885424
64 62523395
76 655037176
30 24262777
84 607909388
36 700398578
84 584723535
44 445109644
1 429747194
4 883115704
26 231646166
7 354154426
28 814238659
10 376238125
92 66487605
76 432283517
100 144280497
62 406975851
14 847377748
8 10289293
25 647086925
74 40442059
42 69400670
15 592217058
80 474856287
38 71938533
53 857306042
87 821719992
79 818707952
3 476691859
27 488823315
41 710307717
5 137127498
26 7335406
73 65918288
34 529992195
28 195801333
21 86096462
62 890885787
35 336864044
70 296324026
84 107409230
40 432278621
97 641955896
94 94643620
48 256196292
91 848746048
88 934982560
7 272252665
3 31674316
42 364897067
91 355564829
44 59731780
97 65897661
42 311266120
77 511543721
32 760358734
4 278527281
26 426729472
28 781560700
23 716234015
83 211698177
24 603110396
4 59826702
82 610598912
89 37566789
8 482792229
80 648374811
86 212604539
95 524043351
16 129647268
75 338218393
28 48633944
96 411212240
28 700096738
20 596833218
17 999390881
23 303453577
39 819400072
26 796504336
90 676025246
97 119343258
70 473842046
11 33066299
36 533906137
77 836716893
4 608050927
15 649512252
13 101132570
79 868336490
35 574996803
1 54504781
60 870687850
93 28376476
23 954436899
52 24726757
12 529376275
54 908319754
3 2815607
79 597363391
64 71170206
18 621792270
76 398099050
65 667289299
23 173269971
58 402044992
92 984707939
19 436935770
17 793684155
52 199173754
44 1897229
32 234965453
86 768383904
56 351244757
32 50143823
8 39684838
77 629944842
23 107936425
22 835653459
59 150497437
90 57447107
42 448951953
2 178039171
3 784763179
82 694887891
59 460406884
54 418701190
29 601866249
78 380052612
91 153241659
19 428144966
90 595205616
100 257894750
17 60539761
81 572237804
7 468451546
83 82919466
48 834911389
30 162043362
36 380380159
73 37858290
5 698426264
66 272201423
92 542158807
28 35888895
23 408608125
31 117217181
38 814795294
47 760633560
21 708236451
5 943779445
52 306324938
57 42088009
59 849021092
26 259271360
79 190550806
21 675361625
3 336567896
55 19285287
19 83103609
98 649188177
37 674885594
44 855904146
19 859952558
80 185694907
82 668966017
3 601736492
66 33563566
8 264240991
92 317266150
88 329259613
34 645250224
43 70957126
71 408665828
69 727403726
16 862524719
90 891325882
76 46371730
70 624702311
49 355223266
26 338725188
21 171395402
45 882036307
13 261402308
64 541648300
97 676162468
83 768366330
67 563726094
78 224894715
8 338056058
24 779636740
42 760264503
31 749470331
16 6898917
2 88380764
32 535913466
41 341065396
60 54656830
89 436202537
10 433160015
98 129921904
80 677855005
19 362320597
69 375887983
2 526991799
10 84863580
33 169693450
41 340405203
65 821287891
70 872023060
15 448563119
33 26569012
98 924554572
13 326126237
95 600129774
68 233846156
69 968880876
8 685183377
37 581222448
12 48565523
87 903822011
21 146100681
39 501912095
42 704014658
53 93783042
44 51834718
45 222633122
91 915012306
68 136791883
35 898775976
5 25341667
79 32906684
85 166587999
18 524099905
36 210833739
25 864184634
17 745071686
70 481957889
78 696259971
72 267625924
94 238495049
84 640598787
69 612214388
94 899465491
23 857165554
78 853658270
69 47732806
56 441707552
83 736571401
52 557444204
28 721320036
18 789476645
57 51121816
32 515705669
54 209558902
15 132372377
20 242395623
34 269631299
69 134625125
14 67783735
51 59467391
95 956294591
66 392535897
69 903403767
13 860701226
28 611070290
5 898279357
29 180674835
90 137949681
63 207501780
28 109292601
99 862303490
71 703249436
12 33262687
51 65296309
8 191996543
77 623052852
1 361478987
40 248227420
60 29328514
17 331312899
45 47850547
72 64459157
46 4576068
80 79612561
48 54358510
7 925991947
69 337261630
44 608126504
20 562808982
99 847771557
47 359893546
16 595553872
88 908474755
76 413749133
37 262702335
98 551403731
92 619962703
44 226781229
19 691024376
44 265862329
49 16433619
91 505882412
36 195038093
69 554660428
33 878793256
55 683707252
87 196053368
48 708776724
100 678334118
73 77577518
42 288633008
37 239567322
75 763922663
29 707894723
30 59398512
88 623338152
100 590772164
80 453367772
100 462991664
88 603695814
63 538789717
77 164261730
40 935683753
49 84127934
62 436545780
31 38654334
9 402759124
68 798899289
92 231973690
75 293528729
86 465833451
30 541693598
32 663724543
51 762026076
65 631462757
25 279189976
99 710870622
96 490960304
