500 500
467 348213638
411 138129327
98 639148796
420 59531228
348 846231155
478 946567996
145 274475763
212 969699250
241 69377370
244 509666100
140 821723352
395 735199822
59 307169140
157 798710431
205 23072901
202 608729947
207 680289082
422 515433927
344 8577811
105 56397248
341 32903782
248 58174004
166 114903771
418 576624039
324 456272879
340 45612720
289 40130421
45 2170490
287 107489296
335 913701699
281 883618747
424 318940384
280 659117122
50 366053687
147 374554566
60 484623043
292 822800700
114 487125780
337 59332334
117 657007436
327 168037624
436 897250468
146 235131341
364 12919013
260 866882224
214 497339119
378 284750396
280 566599477
70 848845532
235 287753278
215 757700435
192 324541222
3 914340661
410 817745947
180 115170156
389 399260385
424 37263029
178 709463886
106 695823904
133 311385551
378 330952083
274 549970913
112 797254728
413 808496281
306 202992970
166 341279004
161 715556860
49 241051943
432 395182226
218 171408265
85 195324054
315 602324644
83 359587684
21 885315824
354 174418607
167 683233656
474 3219194
339 461316187
132 233773087
403 38307148
103 359449035
49 50653714
192 342454272
475 362037000
114 37518738
85 353660830
328 454686379
241 454709463
278 893861191
146 143399881
404 107431352
366 451112481
214 850611491
186 157981340
193 165125122
358 712952206
85 271732384
390 550398303
96 269643167
407 278556425
486 855266933
44 485877403
43 584938475
389 755323833
155 862045853
259 960455194
126 320814461
406 548234760
452 81747536
286 103427300
479 551435823
443 899784096
452 503958024
349 290695491
174 591486746
328 118524776
314 546780028
68 226187967
100 814648982
431 692611466
385 22958503
198 981431841
175 103632958
328 297249647
428 810907840
147 224260467
302 815975656
413 55722945
349 9644611
216 406131710
445 865526448
90 546776679
452 273556710
314 843351626
118 835630317
409 65612427
28 819786915
494 535487008
188 355548217
131 631402646
76 246776500
10 983909002
467 918935149
60 100703281
158 426714513
449 420697040
477 112318113
446 617452101
4 733982963
401 921887612
389 876352815
33 62672122
144 863864275
4 488829014
59 365690800
215 873244603
158 429924970
381 161561192
109 283551996
224 712772400
230 708653618
395 395105018
486 36919597
386 995385666
428 15750115
162 656714902
34 628628892
22 409154329
434 450927478
183 96873220
2 33656546
184 882344736
61 716488228
446 368128845
88 17500375
394 738188543
94 345835111
158 927120315
344 733661333
488 734717342
470 743502327
483 779803607
132 321027189
456 440855336
393 413502412
350 225893481
328 574801423
419 55028484
73 999521314
233 456476538
273 396534333
269 707515357
247 439294063
243 3845716
92 686342936
455 500281754
108 78672749
254 412396415
339 718970872
92 883073381
201 47358742
76 131239620
202 962561400
114 177024935
103 635191970
136 890065198
446 528360814
141 614461962
158 479436426
181 149107459
129 63003894
40 419993461
197 793389191
482 286463438
375 977352295
212 924252178
475 37473171
250 679152728
214 412259675
116 792208714
66 590264294
101 521792169
173 836184747
314 989592006
6 493457144
476 571332106
107 347476591
290 84912495
50 901666693
436 596989189
489 787820033
194 289624430
5 679582595
490 51339106
390 897299450
26 612599852
46 220971564
107 888827435
441 206520371
405 752905554
140 45602298
288 720636840
19 781607876
84 696728008
169 28051109
298 2169187
75 379073799
322 315051961
233 806343974
279 187716132
209 633003924
373 34523789
191 494077879
386 844035572
471 210023494
161 434933485
498 15550415
446 657899037
460 849131828
233 772725441
293 481590313
162 623311656
32 516471224
202 725865780
71 639588541
1 343731933
4 519034474
438 64967853
141 765750980
455 850910277
214 806884644
290 29417687
466 114965687
100 980785066
154 644411647
170 440819353
386 813088336
155 192222868
141 354937427
332 710411293
97 11973255
104 311820237
324 918230715
156 879097549
81 929013141
432 835992413
389 346697998
308 66954576
327 297334003
136 676332174
49 798697829
297 365811600
300 110302042
314 977825768
227 659862811
199 67761334
141 71653060
9 421138228
90 582803143
400 410092844
2 340097641
327 189099388
395 937039426
28 541220505
178 53061313
298 342305033
341 332644519
493 675649511
36 145326472
341 490668386
491 586139725
263 986294079
410 798703028
163 464217939
53 949234894
104 54344714
109 39444864
19 984222947
153 927503106
1 909070065
337 483215459
448 39515483
247 951244036
214 961360348
205 5951256
218 73349957
412 899191339
401 191274998
12 267634584
126 770216553
254 769802000
106 745098663
20 235837210
321 463729616
181 278181262
455 90470552
98 4329497
408 365531588
314 601310396
480 277182385
399 390398540
44 236582350
211 753942772
395 18598685
155 384682670
226 57793206
443 407245774
109 731196484
117 43522424
492 701545605
310 559893540
26 763436494
280 791278625
429 307587205
138 987901455
320 361626534
238 386556260
403 322768190
310 915784424
179 193497843
76 371875129
96 803687034
486 761293127
161 945916447
75 671151833
428 13779265
240 659023110
267 774258900
267 186854077
275 463250397
84 57896766
273 268799993
3 692679326
164 990168534
255 539575879
193 978190776
122 61770614
147 652782582
274 47201723
487 711842170
414 85522301
425 474487877
443 72582259
313 653501417
500 365898284
275 893398540
318 589997704
311 663635692
117 396557372
446 286284245
237 390805842
443 24168365
297 602524070
475 8109929
476 238440299
494 962219157
383 790317988
167 399615952
352 687019691
12 394873165
94 818718894
52 48247123
494 531083821
243 600240830
184 196445309
313 16794492
440 698010184
47 593583376
62 900501514
409 588262675
38 624073878
26 19696558
232 531044751
311 789577250
298 73089519
120 528937792
425 498900099
90 136026097
104 512438381
327 743384495
92 253972897
477 376716553
417 79226729
352 485410339
307 103923425
451 796270900
306 30054780
11 743679751
139 811452285
88 34025339
389 43465854
34 49404419
497 44298732
153 680758310
66 628424585
49 147337727
342 193653225
215 24213182
83 910474997
134 961867558
262 119057516
467 350760973
283 745382493
62 530625247
112 450821038
190 59566619
134 242644632
397 339385813
131 334724392
338 669546546
366 436518336
437 550545903
45 176984980
166 6818010
454 736050989
186 674380375
395 167898857
228 654762973
490 669816697
374 239938423
49 952704098
34 255952963
427 557041789
289 540041974
154 7935607
499 699926102
107 31082834
101 7280062
349 902354146
234 203952030
426 858232400
291 958974456
264 9264282
203 426804964
233 92389649
467 268075789
248 62803930
90 697307186
138 409927790
318 34518438
406 91356698
298 832872656
5 43401343
139 34825644
458 383677459
447 736923464
248 968766110
57 467042376
219 12566974
78 70015331
110 986504548
129 474475491
4 358448213
368 699573800
430 835234985
297 963942438
103 75262543
471 592277986
25 567804296
466 982257146
