500 500
4 857925437
4 487931542
9 921307667
5 158398499
1 733080298
7 237274339
10 672000202
1 821407929
6 809787537
9 217733019
9 663487855
10 668722709
8 156273003
2 253012422
6 711726556
7 26683362
8 40735729
5 118652846
3 20544298
8 287721223
8 307375069
3 212958939
3 705348530
3 23934894
3 47417894
5 80838167
6 611702540
2 994408257
6 417957127
8 158274922
8 765225490
9 258754151
3 17815033
5 296431134
8 42586845
7 774661898
9 558635955
9 432149179
6 768988357
2 626178643
6 757433903
5 185892619
3 462769252
3 63871660
1 565004967
7 605958166
7 359277459
5 28273596
1 58311059
6 545289253
4 8089450
5 673294957
2 37830828
3 553073346
1 17746499
4 964033768
1 551168748
1 325264565
3 579527607
6 421053078
9 490406026
5 448861192
9 64734879
8 865739808
5 410709761
9 925973507
10 695753491
4 648520558
3 53810953
5 770748720
4 290820717
4 688925611
2 797970075
6 828275031
7 787929926
2 851616063
7 624069873
6 150510466
1 694206326
8 617411027
4 491675266
2 962473977
5 52425751
2 828220495
5 9995017
10 743305285
9 743136130
10 63170782
5 183011198
7 413517616
9 377008463
3 678209768
1 859084314
9 711221443
4 818511449
3 887625493
4 328435287
5 715635270
9 635680438
2 803454800
7 289139948
9 665793090
8 66308546
8 959354560
6 75705300
2 483956865
7 246457364
1 834046927
9 551584327
9 446938635
2 324000646
2 596317735
9 485170367
2 783090986
5 613589809
1 702170799
9 442017011
1 196407654
9 415263085
6 418502545
2 234869214
3 832092040
10 759083477
1 641809462
1 668399543
8 358043034
1 781460799
8 274116936
4 989108218
5 151976677
6 543695303
5 115395758
9 630190429
7 603875313
3 629164740
2 313331090
9 956174298
9 713305735
7 667064528
2 34677341
5 565664939
5 907995569
8 3631556
5 988441272
9 256945736
4 493667767
8 520294584
9 244786060
1 478238826
8 472649763
6 862840326
6 906025729
5 924793866
9 993806269
4 333272903
8 261492354
7 136435553
6 949660815
6 634943315
1 48596151
7 463394281
10 795234273
5 100961860
3 681434505
7 147628122
7 71522877
3 808036723
1 848077344
3 436366509
2 929009003
1 657304441
1 329340135
2 884362779
5 946532468
9 488070190
3 669581702
5 25085214
5 580666274
3 453802156
7 479481061
9 336744302
8 984882814
5 693355340
1 401605935
4 323450883
5 311445968
5 928256934
2 560705995
6 555018009
10 825151393
4 60057236
4 160768868
2 43053606
2 984517435
5 62549551
2 303760353
7 133278692
1 407779622
4 210510287
7 365717100
6 881783885
3 543950635
9 972115471
1 815191918
4 652052633
1 49011285
1 384804037
8 663317649
5 7672641
6 456970474
8 95276301
3 282219708
8 235650046
9 72150645
6 661844798
5 2465305
4 796407754
7 345280447
9 77879538
9 415348753
9 68521693
6 471009488
6 885581058
9 560275277
7 19944623
1 132611825
4 109556614
1 5853622
3 805291516
1 172947628
2 665232856
7 963439733
10 363026618
1 44625353
1 218985105
7 294454771
3 86851107
10 628348754
4 448837002
2 919191001
5 422857393
9 609075087
6 199753691
3 676384015
2 393072668
1 368398858
6 449439710
5 510694848
2 414264669
2 508160907
2 684464427
6 848835412
10 821354158
3 373828123
10 645293213
6 123079284
1 391024006
5 873495812
3 997085259
10 811096328
6 234201248
9 853554383
3 779757455
5 443369019
4 172018676
6 991302468
3 226560769
3 864285300
10 480616635
10 171006828
7 361332859
5 313132894
7 414948718
5 449798545
5 448398102
3 537905120
5 27096007
2 212769595
10 811143978
7 23516708
8 468880062
1 212807476
3 281855570
9 737097108
2 31533708
7 20102020
6 94099301
3 946304727
10 521826474
1 472504181
8 258782844
8 521612247
9 785706449
9 788643727
8 235280626
4 902694333
8 526843899
6 649316763
7 676202846
5 326840051
3 977724000
10 163480227
10 877393817
5 942398240
9 202063224
7 465602800
10 522537150
8 890197806
5 208353023
6 91790345
8 354510628
8 343087430
7 104628715
4 19522234
2 698733157
9 29806801
2 64726135
10 748940554
10 60777817
8 832108152
6 556726810
1 489971778
6 797202459
1 160881699
6 530341775
1 464775916
1 860515330
6 143670525
3 571811535
5 578970320
1 175366055
3 779275630
7 722482449
8 18685687
10 604376293
2 609078047
5 2350288
3 69404587
3 103334611
3 609127672
4 302443971
3 491988597
2 908187083
10 566563620
2 613369061
7 193672733
6 542617445
8 824088331
6 917789807
7 46805676
5 5299835
5 803904341
1 713776088
6 338618732
3 145991462
1 752319469
1 759932891
8 368478437
9 189207231
4 263355898
9 525070960
9 192983265
9 552730590
8 23814118
4 6783184
9 223052392
9 297349725
2 336587099
2 33860980
8 821440452
7 19536213
6 718240576
6 453678101
9 826150013
4 5951774
8 569876415
1 65701293
10 369237341
5 568446802
10 922163777
3 882517620
6 474065004
2 903861962
8 811431792
3 137414627
10 505005299
1 133961119
8 98016563
2 618952883
9 986311548
4 50134825
8 137714356
4 604706013
6 51723216
5 415751170
1 157546588
4 974968219
6 189497079
9 711252482
1 74631124
9 514744677
7 60754234
9 804854852
8 93336581
3 880237556
4 507093027
7 550259487
10 302698775
1 827225665
6 959034490
7 457450541
9 273738869
3 103349894
8 369696841
7 216500806
7 804265159
4 119435322
7 401949912
5 442275204
4 295227894
1 325354520
2 657319088
2 124396352
7 790127914
6 28866072
4 420459419
5 519497235
8 56436942
4 845088628
1 404448930
10 453572053
1 846624906
8 589310627
4 200098829
7 214327200
2 831637830
3 726431584
10 21345125
10 74855884
9 788412717
9 968509603
2 302108020
6 964632564
5 975839142
5 945821349
1 220294210
7 845671151
4 732175708
10 877954783
3 516012825
5 752228567
4 219819062
10 97418251
9 941737601
3 93384964
9 22785886
6 941827616
5 933235780
7 545132560
1 743867198
6 835359321
1 280693610
6 279279572
10 454659453
1 475708206
4 873583677
2 2858857
6 735268101
4 210376793
1 929142853
9 408486695
6 902982143
3 707702481
4 32469067
10 697513128
10 830752212
5 406823121
9 512351833
3 325118661
5 544738093
7 483605969
9 259946935
2 744984982
10 895270387
5 153064074
6 178676463
3 711973493
2 6652239
2 561805557
1 929096138
1 173951995
10 22092202
3 90089548
1 304889679
3 943346176
2 996022445
2 392021254
10 346478025
8 925486495
9 827707713
