500 100000000
2261669 4
6549057 3
4280216 10
1516714 8
381782 7
2588960 6
8209203 7
4153634 8
3473907 4
7080414 6
8181074 8
6106297 8
8400893 6
5201099 7
2261015 1
4818528 3
8874421 8
476024 5
4218594 3
3580615 8
6514843 2
4644918 6
6710996 7
73056 3
3333234 3
8820374 8
4027087 3
3750107 10
5176633 2
4482409 7
3016307 9
5641642 6
4177330 2
4571072 3
9083169 8
638462 9
9714398 10
2324972 10
3734651 2
72647 4
2186749 6
5755390 6
5541984 5
1257142 9
167442 4
1419208 5
7524212 4
2484158 3
2918364 2
5642713 6
8241045 5
6634254 10
8901085 9
352132 7
6594534 2
2236311 1
611414 1
3072088 2
503752 10
4625803 5
672072 7
9276456 1
382810 6
5582683 1
4216436 8
964740 10
4172031 6
9686327 9
7432026 2
205628 1
4459479 2
9051665 4
5009853 2
2778851 2
5962948 9
3032729 4
4782236 6
493385 5
9139046 1
8352065 6
2786745 1
4829311 8
2403102 6
9964089 4
8035220 10
2932183 6
869262 9
4762483 9
9733616 7
3869664 3
6086806 6
2509088 7
3604044 9
8269420 2
9616471 8
1028912 2
7813739 10
7059340 3
1770546 3
5651413 3
260428 3
6334738 9
8865609 1
8049023 3
7443505 5
8320141 4
5442300 7
2231520 10
7745562 4
2560208 2
5652973 1
3220713 4
7721674 8
1914219 5
7801340 4
4335818 10
3126592 8
2619950 3
8180938 8
769781 4
2491071 7
5091500 1
647481 10
8198426 3
5763782 6
9048757 1
3039336 6
5196843 7
7920407 5
3024218 4
524475 8
3008472 7
6183474 2
2139884 2
1791440 5
7830419 9
1180634 5
32252 2
8851210 1
5844621 6
8266766 4
7723484 2
9420809 5
372150 5
6866960 1
874139 4
8016047 9
2998720 5
5835362 1
3293835 10
7044251 5
1089435 10
7994818 3
4456126 10
5315121 6
4943097 9
6327860 4
1718275 6
3038991 8
8917706 6
6229368 6
2737773 4
2755864 5
8781376 6
8054030 7
3950284 8
3075436 8
9227084 5
9237944 4
4244401 4
5962604 4
4637726 6
8006007 6
7378028 9
8990010 5
4215592 5
8206476 7
5456400 7
4078262 1
460314 8
5436408 3
2508525 5
3523074 9
6487142 10
1777915 8
2034580 7
2346238 3
7217853 2
4440087 2
254679 2
5581003 9
2826127 5
8208141 7
78405 8
721226 6
6252173 8
3888734 5
9418928 3
1297821 2
5422762 7
9468235 4
2384170 6
1614884 10
5601940 1
6205397 6
7918594 10
424448 2
8131391 8
4691388 10
9637707 5
8342803 6
3777242 7
3589891 9
6789844 10
6230397 1
4019542 10
9209577 1
1738032 4
7804704 1
5853926 2
1858928 10
2245423 5
1827483 7
335224 6
3033304 2
8957282 2
3099089 9
3670208 9
380580 1
2456986 9
1296995 1
7215916 8
4822675 3
8362728 4
8130096 10
9535728 8
8266920 8
3289117 1
8562523 7
2786939 2
8014626 6
7263690 6
582597 8
9875070 6
3214211 9
7401536 7
3713677 3
612204 7
9531915 2
7412113 10
336279 10
293235 3
4051901 1
4085260 10
1518593 6
2079623 9
2430552 7
9478212 5
5822254 4
575703 7
1706079 1
3168264 6
2813118 10
5339476 10
7125265 9
8476523 1
7863058 2
3430192 9
3399919 10
1011517 5
5759052 4
5271644 9
7385532 3
2278286 4
1959756 7
9585032 3
2326008 8
4480177 2
2102323 5
7030822 9
4437859 7
2967990 7
2230242 3
5043302 1
3839103 9
3427182 1
3332859 4
8890554 10
5609229 9
3068778 2
3860191 9
7668819 6
4590990 6
5496700 10
4524717 1
6850081 4
5421507 6
444083 6
3103048 9
8051030 2
9621036 9
1320673 10
8077905 4
6285666 3
8206092 7
8527128 5
4698023 5
9898231 1
7552738 4
8260647 10
9911021 1
364805 5
3136752 8
6058657 9
8259459 2
968126 10
9335479 6
4116821 5
5752203 6
7726355 7
7971319 9
6058198 7
3211237 4
9489844 6
6986419 8
6996980 7
4946482 7
8771603 2
1469866 6
8143808 1
2430292 10
6680288 3
9783134 4
1804043 6
4033771 8
6627469 6
9718416 9
6146790 2
4959576 10
7805770 1
3136449 6
72226 8
9461821 2
1281545 7
1096113 8
3078864 10
8360697 8
1218683 10
9652067 4
32578 5
1164208 8
9451024 10
4984342 3
6132231 1
2455616 7
5579002 4
1843532 6
1613041 6
6400460 10
5480489 7
8221510 5
5454098 4
4457780 5
3792719 7
9419269 3
2598202 9
2272410 10
9546333 10
9840841 3
2790265 1
1291870 10
4106115 9
5770133 2
6276898 2
9367713 7
3161395 4
9910568 6
1616069 6
983108 7
6593437 8
3998212 3
5118387 1
1890921 1
7215539 5
5857642 8
3427453 2
3948144 8
411045 2
822491 6
5706868 3
1274235 6
6680805 7
3693079 4
6220585 9
5216618 5
2604836 9
3931425 4
7614317 6
5115870 9
9549778 1
1590072 4
8528594 9
5984184 7
5790369 8
3404894 1
4560423 4
1917978 10
413569 6
2662356 2
1872383 1
4772452 4
4149028 6
325018 5
9478057 6
6447032 9
5592954 2
2316915 7
5531320 3
9945334 9
4751669 5
9390814 5
6931451 1
8082495 1
6781766 7
704669 7
612613 6
3287028 10
4013405 7
5012529 5
730790 1
4820663 10
6178028 1
6593499 10
1113071 6
7649512 7
7366051 9
5217308 3
5059377 2
9500201 7
61940 10
4753460 4
5144317 9
2083545 7
8294672 7
5358246 8
764580 1
961948 10
1541607 7
3505969 10
2645944 4
5351120 2
8141099 7
6757847 6
2907016 2
9147288 5
2774476 3
4789337 5
24998 1
958292 3
2427644 9
5646519 6
9567844 9
32549 9
7614891 2
4093236 3
581969 8
8577133 6
8406155 2
449487 8
5328448 4
596300 8
2904973 8
7844042 8
4150337 2
1431075 3
8636129 3
7016230 2
2823588 2
241300 4
8409080 2
1150500 4
8584188 4
9905663 7
8828677 10
8358340 3
93849 4
6790662 10
5424631 4
7640009 4
7110668 9
617992 10
7387775 9
7460786 1
520230 8
6782632 3
7207951 6
9491265 7
879225 6
1187399 2
3319896 4
