200 40
8 197 63 86 166 36 111 152 145
5 188 156 105 159 168
7 73 114 57 106 158 85 98
11 123 33 194 136 78 153 177 54 22 111 75
7 132 91 174 121 48 149 126
7 24 123 185 151 34 162 21
14 15 50 35 125 138 199 124 3 48 106 163 85 102 75
10 58 123 119 90 164 186 131 40 133 26
12 49 100 135 76 151 53 161 176 194 163 165 69
16 147 81 143 24 100 109 86 67 7 92 48 40 140 28 66 104
13 197 191 100 41 91 164 92 55 28 111 152 26 172
14 58 15 49 33 164 76 89 95 195 17 115 96 126 37
15 188 58 191 41 50 164 23 134 89 20 88 51 66 104 75
19 188 193 49 132 74 187 27 151 125 83 79 148 163 127 177 13 178 64 172
22 170 71 114 43 186 176 89 103 194 125 83 95 94 106 54 149 66 154 26 146 104 144
18 193 84 100 141 166 137 74 35 196 134 192 2 44 4 88 48 85 75
18 15 97 123 139 10 38 77 196 57 131 138 20 48 106 85 28 145 104
19 147 192 153 33 113 84 129 185 165 149 181 100 52 46 120 83 99 191 79
20 108 21 164 29 88 59 84 16 156 177 99 103 7 181 142 195 26 104 18 64
26 42 84 2 160 111 80 103 121 124 69 56 198 197 16 113 91 9 44 151 96 11 137 57 35 120 146
22 198 164 124 189 162 136 23 179 37 195 65 131 14 172 72 25 91 130 183 84 77 135
24 84 31 67 30 179 3 133 188 161 14 55 124 59 149 75 49 93 23 80 74 104 21 58 151
25 88 73 149 162 105 40 187 11 175 49 54 13 92 151 18 168 9 12 194 27 43 180 161 61 86
31 74 41 170 153 78 128 83 117 124 77 125 147 21 198 30 6 184 55 38 52 179 182 121 196 189 5 51 87 49 101 69
32 63 92 109 116 166 155 143 31 128 89 178 78 101 24 42 70 73 187 149 104 131 168 199 147 136 16 100 190 133 19 110 123
27 107 20 132 190 49 39 151 98 111 142 21 96 95 84 186 191 167 7 109 139 90 77 164 68 198 171 176
31 133 81 63 153 47 141 10 162 16 54 108 167 96 176 85 53 192 32 171 152 147 67 164 190 99 75 38 159 137 199 117
32 15 176 52 51 11 32 200 160 50 182 120 61 59 113 93 9 153 101 179 62 27 122 143 47 75 16 169 145 26 29 68 88
35 99 188 122 128 3 175 186 27 134 111 166 125 30 63 74 92 80 192 8 77 126 160 143 97 87 85 185 75 123 198 6 81 113 183 40
33 179 123 185 190 40 195 6 102 69 16 111 15 70 139 13 116 101 53 145 79 24 64 67 191 174 20 120 176 71 37 93 146 31
34 83 93 163 49 74 37 115 59 23 92 100 65 6 150 191 70 38 127 142 156 133 146 120 12 102 39 60 55 136 8 154 24 3 81
38 35 180 177 108 92 161 196 27 139 78 75 22 171 53 185 107 175 162 179 153 178 101 170 68 52 40 150 149 119 13 1 17 9 109 93 194 200 11
36 125 136 30 91 154 38 93 199 48 65 157 138 45 150 68 87 174 55 1 172 114 102 132 19 110 75 53 43 130 133 109 200 139 158 107 170
39 160 176 148 44 129 166 134 107 195 190 155 59 165 133 161 12 93 186 117 126 120 20 113 83 97 198 60 38 29 100 169 35 70 16 109 40 52 26 181
38 189 31 121 134 94 29 170 76 99 101 45 114 83 38 142 180 184 65 128 187 37 84 87 151 71 193 7 118 147 90 176 191 171 51 78 77 199 159
40 55 17 131 114 66 142 194 2 51 169 170 195 159 97 12 197 5 182 199 188 22 143 100 150 72 46 101 19 149 141 154 174 67 85 193 82 13 200 94 181
38 79 39 64 46 55 130 192 200 7 137 3 193 81 191 47 159 194 90 11 59 163 17 30 123 112 173 86 20 125 52 170 190 134 74 9 72 88 10
42 113 86 192 81 28 180 188 37 105 174 168 65 61 158 32 98 6 148 89 146 7 124 193 1 43 21 15 60 78 112 46 167 127 165 12 198 5 106 129 190 20 75
45 49 102 57 181 183 159 76 45 176 47 199 136 4 64 93 68 22 50 197 27 198 71 120 121 187 185 145 192 42 94 79 16 21 52 58 86 132 74 146 173 114 131 39 18 166
45 101 48 49 34 177 144 84 122 193 1 25 117 20 115 5 98 70 87 184 169 168 200 160 172 149 12 155 164 188 88 196 166 191 92 126 120 83 57 71 97 33 186 44 21 64
