200 200
4 15 102 104 172
5 80 61 190 72 65
5 100 116 48 119 109
5 137 158 159 130 42
9 73 14 17 94 95 178 121 155 120
9 102 78 27 129 68 132 133 16 37
11 112 99 91 26 48 114 7 41 109 103 166
8 189 165 99 148 170 53 79 87
11 93 99 162 74 82 178 131 34 42 108 24
1 46
3 19 106 29
6 171 148 133 33 64 156
5 14 177 144 65 120
4 81 31 194 160
7 67 100 132 45 88 140 127
8 122 177 195 4 72 180 108 37
9 153 151 187 132 48 133 194 84 175
10 137 60 27 81 43 140 142 65 174 103
12 1 54 144 82 191 106 136 140 113 178 52 107
4 179 95 154 126
4 185 68 63 49
5 74 36 19 193 108
5 83 47 159 108 85
4 179 83 164 50
6 153 93 83 11 130 182
7 55 40 31 82 194 53 72
10 189 138 17 30 8 194 190 127 188 66
9 122 25 92 16 180 42 37 62 160
9 6 198 148 187 169 136 72 135 156
4 179 153 195 4
2 165 90
4 36 72 34 75
5 60 169 97 24 49
4 125 81 13 37
9 78 184 83 68 59 28 39 113 135
6 157 168 96 164 163 84
8 151 129 147 162 35 119 37 134
12 125 185 44 92 162 16 42 183 24 56 146 167
11 137 73 78 67 17 117 88 59 39 16 12
4 115 105 72 146
3 20 84 22
2 18 192
7 27 6 115 161 131 149 188
6 51 74 164 57 143 29
5 27 110 92 163 63
6 137 78 55 181 4 107
7 112 197 59 61 57 143 75
12 129 40 81 132 19 178 72 141 37 175 56 2
12 15 20 153 18 124 101 82 159 113 11 64 166
1 92
2 117 46
6 2 81 10 193 118 200
3 117 148 197
8 107 69 46 110 22 96 79 190
5 59 27 94 145 52
7 101 91 127 59 17 189 169
11 140 31 148 101 132 78 11 199 55 16 185
8 166 115 45 184 18 102 137 155
9 104 187 192 51 167 35 64 24 100
1 13
4 6 195 82 163
2 20 182
4 87 63 186 7
7 197 160 95 44 98 79 127
6 127 69 83 186 13 12
9 142 163 24 183 189 1 95 17 15
10 138 34 192 182 116 103 65 104 176 141
8 120 8 171 176 80 11 47 91
9 190 155 163 62 111 105 99 167 69
2 95 96
4 147 83 176 128
2 178 22
6 141 75 89 21 17 121
4 179 54 90 63
7 75 72 25 137 106 13 172
10 12 51 124 42 128 195 55 170 67 174
7 38 69 22 143 122 172 32
11 40 88 61 166 32 55 185 79 101 193 43
10 80 166 190 153 57 111 16 105 171 107
1 166
1 35
5 70 157 40 95 55
4 147 13 76 77
8 73 119 128 80 11 151 22 51
7 88 32 95 157 125 42 135
7 35 61 187 137 138 173 131
11 119 28 116 145 158 118 111 134 70 191 174
12 133 138 136 124 94 140 111 100 127 144 170 200
13 43 121 89 83 196 57 28 156 25 187 19 60 46
0
2 51 37
4 11 23 10 27
7 66 61 50 20 188 160 118
6 7 141 19 145 81 33
5 169 147 61 93 18
9 115 4 13 32 134 139 2 86 45
10 88 142 177 77 112 106 101 174 20 191
11 7 105 52 34 70 20 147 150 83 189 27
13 123 149 21 24 195 101 5 78 3 106 180 192 104
3 44 121 14
2 195 182
4 21 125 182 105
3 34 133 70
3 41 27 193
2 116 126
5 121 3 190 48 37
4 162 101 151 149
4 150 38 189 50
2 149 125
3 70 134 46
2 193 72
4 156 63 183 135
5 143 70 187 130 48
2 11 123
3 95 63 165
2 131 138
4 102 138 58 170
5 162 11 135 193 180
2 5 174
6 198 175 164 55 174 56
2 131 69
2 30 110
5 93 193 42 61 62
6 182 77 127 23 31 112
6 58 200 168 95 65 43
6 151 8 103 15 50 146
5 179 25 166 139 88
5 84 157 180 178 158
2 106 137
5 114 86 137 142 16
6 124 180 117 57 46 176
6 198 72 138 78 54 132
4 167 68 78 41
5 157 167 132 86 80
4 71 157 28 174
2 9 169
6 60 147 160 81 134 153
6 15 68 93 192 23 95
2 160 165
4 130 117 91 198
3 153 115 193
3 25 144 146
6 176 133 144 4 58 19
6 178 186 170 157 89 18
4 60 154 150 163
3 17 186 145
5 42 89 137 41 29
4 149 58 117 126
2 1 128
6 124 85 196 163 100 140
4 150 63 164 102
2 108 185
5 185 122 114 20 85
4 131 39 182 68
2 174 160
6 90 75 156 105 1 187
6 104 112 165 36 135 195
6 166 162 86 8 47 55
6 197 171 103 131 110 61
2 189 127
6 83 42 65 142 63 144
6 19 83 131 187 41 69
6 102 55 119 166 142 118
5 160 90 88 171 81
2 9 76
2 107 80
5 5 88 173 140 124
6 77 45 174 101 13 128
2 95 164
6 127 140 9 175 1 115
4 62 196 168 93
6 123 33 67 150 199 78
6 36 13 123 163 120 87
6 81 34 95 1 168 134
5 42 112 19 187 105
2 165 130
5 119 136 191 156 188
6 49 79 135 172 86 140
6 81 113 60 51 117 157
4 52 191 1 176
6 87 146 2 24 50 138
5 13 127 135 109 114
2 56 180
5 100 175 158 5 84
3 32 121 194
6 32 31 33 120 7 127
2 136 120
6 178 49 168 14 192 79
6 111 39 139 72 30 108
3 105 147 5
6 30 118 87 182 86 90
6 92 73 196 93 98 79
3 173 9 141
6 96 80 3 41 76 35
5 26 120 123 13 193
6 94 89 7 148 115 165
6 142 19 176 121 191 18
6 26 27 76 34 164 35
2 70 47
4 125 121 180 137
