100 200
7 50 36 77 10 28 43 71
6 96 90 34 74 65 27
8 18 50 52 10 91 61 89 51
8 48 7 50 36 87 75 80 67
6 35 82 23 84 57 51
7 82 97 77 22 40 65 68
6 42 29 99 40 76 94
7 8 13 79 6 49 26 65
2 41 44
5 90 17 12 83 67
5 56 88 29 19 95
4 72 37 19 57
4 33 56 64 80
4 60 69 5 95
6 77 10 3 92 26 78
4 35 33 37 100
5 64 86 84 75 67
6 56 59 79 16 62 30
6 35 37 46 21 65 51
4 26 30 83 67
4 1 83 80 68
8 24 36 52 47 30 71 55 39
2 42 100
2 11 51
3 56 77 10
6 48 98 12 36 34 78
3 24 39 31
8 33 41 7 16 74 10 14 83
7 41 16 15 30 76 31 11
4 9 60 25 11
2 43 51
2 92 26
2 91 71
4 73 18 16 74
3 37 6 78
7 36 74 54 2 40 58 15
3 82 55 68
7 98 7 60 29 93 71 31
5 82 88 59 61 44
8 9 18 86 10 25 28 100 80
6 37 53 47 23 19 99
5 33 4 7 36 74
7 59 29 93 52 64 11 67
8 48 29 23 49 61 26 30 78
7 24 56 36 54 75 100 71
4 37 73 53 68
3 69 81 62
2 12 76
3 56 22 70
2 42 49
2 42 88
3 33 12 80
5 73 97 14 15 89
2 19 32
4 48 58 43 76
7 41 12 73 86 61 70 89
4 72 53 22 76
3 7 81 100
3 24 96 65
2 33 21
6 41 90 81 74 25 68
5 16 52 77 45 15
8 72 37 7 88 50 6 21 51
5 98 13 29 20 14
6 79 21 1 43 100 76
3 37 54 22
2 45 76
8 24 4 13 20 91 28 26 76
8 46 50 99 28 92 95 78 83
8 85 60 81 50 45 75 31 68
4 37 18 21 80
8 78 88 10 17 28 36 58 98
7 41 58 100 17 54 33 55
5 76 36 65 10 39
7 82 98 31 86 45 19 18
8 6 63 94 39 7 57 22 11
2 95 21
7 35 38 54 10 82 9 73
7 56 54 6 93 95 90 24
5 19 28 53 76 46
4 84 18 66 11
2 92 61
7 40 78 85 5 37 75 62
2 3 93
4 83 3 32 14
4 39 60 52 59
4 17 79 40 71
3 98 9 30
5 10 72 41 40 67
2 15 22
8 12 65 76 90 1 78 79 71
2 25 14
5 33 28 52 40 4
5 80 71 9 13 91
4 78 9 94 24
5 21 71 49 96 100
5 33 16 98 49 10
3 1 99 55
5 69 80 48 32 31
7 49 1 81 41 30 21 4
5 3 55 15 4 61
5 55 3 49 36 92
7 59 48 32 22 81 91 45
7 73 12 63 18 32 14 74
2 89 54
8 85 14 30 44 67 5 58 55
8 85 44 11 90 94 69 28 82
6 33 99 66 80 21 93
8 48 21 80 67 17 41 20 36
5 85 63 57 12 60
2 23 21
2 34 39
7 73 15 3 35 69 27 95
6 2 6 78 37 94 39
2 8 43
2 61 41
2 73 1
2 23 79
8 3 61 79 86 50 88 76 52
6 3 45 33 20 50 88
5 19 57 4 52 8
4 73 19 97 29
8 47 54 70 51 76 59 96 25
4 19 6 95 29
4 32 87 92 30
6 47 75 77 31 17 7
8 21 32 13 87 77 63 35 90
6 13 95 83 20 29 18
5 1 67 82 41 19
7 80 23 29 6 40 15 57
6 45 52 12 81 30 53
4 1 97 78 4
2 49 65
8 37 18 10 54 32 92 60 83
2 78 41
5 24 11 79 57 63
3 31 70 80
3 59 71 85
4 99 16 19 8
7 27 65 2 58 24 18 37
2 12 6
8 35 13 72 65 57 16 80 90
6 48 68 54 52 67 92
3 89 83 62
6 11 10 78 73 60 89
4 78 17 97 32
3 23 53 97
6 58 26 38 18 86 17
5 6 11 69 9 20
5 97 66 31 4 51
3 1 17 99
2 63 75
8 37 35 55 92 46 26 14 64
4 62 47 88 87
8 24 81 67 68 15 83 52 77
2 79 6
5 21 33 37 17 82
4 24 20 79 6
5 57 35 53 25 56
6 79 8 70 98 71 77
3 69 7 3
4 57 51 61 65
6 79 43 8 20 5 90
7 98 84 50 66 25 90 24
8 28 60 48 74 91 26 55 21
7 69 99 46 30 76 94 52
2 3 52
4 65 87 59 68
7 62 100 9 82 88 13 21
4 5 97 36 6
7 21 35 29 77 60 79 3
3 90 31 78
5 16 33 72 98 74
8 68 11 5 44 96 61 89 82
4 23 59 25 66
2 36 16
8 25 38 1 16 80 72 64 47
2 53 32
6 26 53 97 15 57 39
3 89 54 90
7 8 3 87 66 24 47 74
4 51 37 49 83
7 94 61 45 82 31 85 12
6 25 81 43 10 20 54
4 19 30 26 98
6 47 5 39 77 42 97
5 56 82 88 87 47
2 59 88
4 48 80 62 72
7 71 60 97 59 84 91 64
4 59 41 53 1
8 64 73 20 23 65 10 13 9
3 9 94 33
6 93 35 64 36 42 83
8 20 44 65 86 17 33 93 95
3 51 75 85
7 40 65 60 98 27 31 35
3 78 75 58
5 50 33 7 25 46
3 75 3 18
