100
889 1
0 813
631 1
0 19
202 1
137 132
709 1
43 176
1099 1
767 693
191 1
125 70
321 1
187 225
228 1
149 55
935 1
0 637
1098 1
1031 689
319 1
154 140
841 1
798 163
697 1
113 593
1080 1
168 233
614 1
0 572
856 1
747 646
262 1
0 136
244 1
77 97
961 1
0 770
877 1
0 566
460 1
0 51
459 1
63 323
673 1
390 263
527 1
310 146
550 1
0 122
1077 1
899 925
656 1
150 292
107 1
62 87
408 1
346 250
775 1
0 139
696 1
380 352
38 1
16 38
778 1
753 38
400 1
0 109
481 1
258 83
428 1
302 61
604 1
0 561
641 1
0 534
485 1
0 25
527 1
380 422
723 1
184 386
1081 1
171 780
1008 1
494 445
756 1
0 84
536 1
485 16
155 1
146 134
512 1
0 493
992 1
0 4
211 1
170 16
689 1
633 659
925 1
374 397
407 1
159 47
744 1
156 715
345 1
250 33
795 1
0 686
226 1
0 126
1033 1
334 114
562 1
0 96
802 1
506 261
703 1
0 522
80 1
79 64
393 1
0 316
67 1
0 28
644 1
506 592
112 1
0 30
119 1
0 25
66 1
55 30
656 1
3 613
275 1
0 113
97 1
97 16
714 1
0 81
441 1
0 132
146 1
6 58
433 1
167 197
141 1
0 64
677 1
0 89
350 1
290 258
676 1
528 73
317 1
0 165
110 1
43 85
738 1
0 131
899 1
791 65
941 1
0 278
915 1
0 427
946 1
0 255
761 1
0 753
719 1
0 430
618 1
0 544
750 1
693 130
401 1
0 392
1070 1
188 155
796 1
373 625
575 1
495 498
142 1
87 52
1065 1
689 352
508 1
181 434
595 1
363 153
416 1
0 134
510 1
0 347
532 1
0 401
