1000 1000
364 631 713868
530 563 976741
711 867 44740
251 325 804901
601 645 276111
869 919 41328
114 593 237793
327 779 419555
431 447 617923
745 809 749838
273 889 4831
411 931 36251
34 441 636041
166 336 881513
41 831 457428
187 535 108001
117 369 639219
637 649 337731
543 947 498045
384 623 126781
161 550 852177
217 535 216631
833 889 829429
199 199 276636
81 861 911433
681 879 559377
472 860 316851
396 726 42836
899 940 633777
475 831 22182
607 691 509200
156 906 31927
153 553 881357
41 798 392171
774 862 774925
945 965 747505
223 474 211353
227 467 624737
33 279 280733
811 944 336866
593 827 158125
761 944 973417
527 917 727921
395 505 907573
947 977 343761
189 381 856631
254 263 965351
596 676 809925
159 431 989607
737 818 923801
831 845 974249
179 595 499351
801 825 710275
991 991 299724
173 971 682086
665 800 436513
885 985 1661
232 280 677161
273 351 5277
622 652 974456
339 719 899009
154 490 940567
449 449 953945
930 952 478403
398 430 522253
52 665 242109
535 592 908726
640 855 498241
401 445 939329
569 797 852432
249 297 621339
89 745 383181
612 687 176911
897 898 798241
257 868 746876
381 761 406313
730 908 932109
616 705 625773
993 995 919904
907 959 327301
277 965 851282
693 853 642897
791 911 325709
653 761 237517
323 989 834593
361 641 153341
806 987 292467
193 965 509237
615 862 311676
327 745 778491
865 995 19918
441 660 378787
920 925 684470
316 683 430978
49 161 192004
398 884 365807
91 530 320031
591 646 734245
497 501 208107
21 694 600487
837 879 240821
907 923 372651
413 714 304529
679 719 567598
152 624 421471
454 674 930965
626 734 229881
201 300 830009
315 351 979019
869 877 636577
501 928 284579
532 938 40495
201 877 932285
897 949 354001
371 971 863099
169 901 631281
359 908 484505
5 747 866141
167 785 275006
201 817 152311
95 971 127775
459 591 725281
277 873 826240
445 775 425949
914 962 668231
91 656 948793
835 853 517221
461 861 218725
705 854 710599
313 369 263041
741 742 392329
481 997 682897
920 948 365447
268 583 848646
605 863 305741
601 985 505409
251 758 603501
978 990 375959
981 998 762753
933 965 713151
526 675 647029
813 924 12769
693 798 332727
773 786 361591
153 609 851714
681 736 805005
823 881 979857
943 975 942906
626 797 177525
641 713 652687
598 932 33171
287 479 156448
177 900 768344
11 321 708066
881 916 525132
277 917 230790
141 481 350236
251 305 803975
865 941 477901
701 926 626649
1 809 290293
41 314 852609
508 682 333969
151 941 898001
718 904 127651
299 876 841442
597 909 941145
156 615 3933
545 722 831151
65 223 650897
913 915 936218
891 981 737690
885 995 633211
620 839 583906
753 758 197701
947 967 384704
966 986 542645
311 757 976804
627 665 311987
317 995 64059
654 908 747154
85 270 152636
577 683 965490
766 957 554021
785 953 902477
341 671 80497
766 836 613817
308 326 241921
951 972 618593
185 269 155485
407 887 734899
781 979 390378
272 428 851853
129 705 262707
217 462 590145
281 611 498951
250 277 247279
12 729 251231
333 676 636345
201 425 583415
357 925 556955
126 852 858541
249 601 470039
150 647 136337
923 959 250897
273 451 987581
755 865 98096
92 294 44319
888 927 666486
381 589 465961
685 772 451521
279 340 134092
417 505 994876
177 300 203861
183 327 363105
673 961 72815
621 653 282974
330 823 354221
765 801 724221
425 761 261743
746 750 862541
682 827 220489
727 947 517597
717 789 998849
807 983 780397
331 516 687729
461 761 983179
89 545 279433
101 351 888826
857 913 428301
217 956 759673
529 695 152665
474 826 944201
492 998 571903
931 944 884831
795 795 805356
706 775 581673
897 928 343496
923 956 688150
25 613 37839
791 819 356504
637 937 150681
379 895 46381
631 749 168343
289 891 319876
801 829 921376
126 941 754341
60 703 531979
229 488 546091
471 567 704025
997 997 660656
631 877 58623
83 185 580421
268 733 650241
764 914 771027
729 767 517901
861 861 446151
786 975 553083
581 606 463104
866 973 44079
261 581 37881
333 467 572721
305 901 780465
177 380 541141
587 653 254261
350 594 180105
99 347 748961
651 891 555391
474 688 932469
214 890 778489
930 933 246511
822 994 809626
703 765 363487
842 874 97801
988 988 174541
3 599 902181
945 977 366567
563 788 30453
233 601 427911
16 212 689093
575 647 155011
945 961 461899
286 676 636281
689 955 369161
932 951 532305
736 931 563788
17 232 545390
671 779 731956
761 845 132515
537 851 35365
631 699 285917
296 734 508601
631 937 635345
856 981 291439
272 552 48301
81 170 661836
767 875 6640
730 960 225097
459 745 104115
905 914 319553
519 975 67627
412 792 844941
721 856 764881
906 941 754814
717 987 692870
873 969 346451
173 578 176156
164 299 234753
540 578 240560
775 835 305332
609 711 16726
981 985 449991
961 993 826944
677 725 228361
483 543 742747
611 695 439977
804 817 280053
671 867 937945
9 425 551361
749 957 304446
73 848 682093
56 784 956839
111 931 384293
667 909 677343
775 967 169921
157 729 576626
122 983 479302
618 789 594531
657 826 357050
205 831 834953
833 911 914893
290 972 35449
909 998 731282
572 645 816945
399 988 942697
425 983 675129
187 221 876195
291 473 199993
751 973 345426
611 656 968595
963 963 735599
141 201 869761
496 794 765019
513 826 908413
529 633 897019
689 913 392052
169 298 129873
473 917 616413
23 624 767502
189 656 205453
937 999 831623
648 743 199538
969 973 473892
43 361 222539
92 803 408799
345 681 450797
181 461 534779
441 838 795361
913 949 880062
733 918 731941
33 535 193399
519 935 278679
255 504 461537
931 936 415401
341 434 470869
289 903 370549
93 807 701185
839 888 535757
670 686 497025
900 972 514573
297 973 602701
841 957 92661
121 134 325482
747 778 19452
973 989 484971
481 977 707402
503 755 630536
599 953 104907
672 770 93481
926 997 540987
651 876 155903
289 929 950950
336 616 312001
289 341 378003
623 648 752961
781 781 971501
622 892 472067
539 976 720621
305 829 665367
622 713 512501
660 687 135579
529 905 940475
241 750 845893
513 666 235441
910 991 87953
221 491 589995
407 689 369113
389 1000 580681
423 786 819686
179 749 440857
146 310 177221
16 52 547786
376 392 390796
296 731 991089
113 197 70087
209 380 913586
223 418 627417
476 731 942797
261 633 364102
229 831 206800
851 863 743175
7 699 7601
733 929 843976
197 234 821153
671 717 707001
509 635 145025
687 865 419601
153 845 664015
361 393 684401
345 725 37037
449 728 61056
693 774 68993
819 875 929438
657 782 396075
571 979 504796
531 636 761853
521 596 938932
301 549 695282
693 875 907591
621 693 117963
895 913 32120
353 841 724679
381 528 602711
839 939 676153
253 273 721029
989 999 522501
9 516 699425
161 851 410068
281 639 815025
662 749 833357
181 237 672041
381 521 765553
392 497 416782
101 859 357026
193 765 577597
277 294 799869
711 806 937143
815 845 841282
883 921 652877
553 963 890991
876 951 894831
83 951 753980
391 978 245363
997 997 911971
757 877 867704
132 890 298038
446 704 875741
617 745 726182
860 971 867207
838 879 144161
275 441 528972
137 795 133291
801 928 633981
545 728 9750
50 366 824945
761 907 112447
149 601 516164
453 820 715007
911 963 438581
510 714 103204
169 217 633579
401 937 223869
316 542 116485
849 947 354141
89 425 109059
20 188 326115
680 845 990881
911 923 265921
15 26 442353
641 759 447717
670 962 662303
247 537 715419
951 954 721303
97 603 93186
431 545 772140
793 978 441961
575 625 889976
687 908 475195
501 747 289960
546 882 42557
649 809 312486
441 857 629480
51 52 556936
241 657 634375
937 997 129446
897 908 680697
761 956 339425
86 914 46056
109 891 96205
834 882 295247
834 942 825369
407 458 932696
961 993 840125
163 485 921069
205 589 953957
617 953 420001
744 907 4119
201 853 891121
617 629 836053
691 795 509144
244 800 881313
841 891 680851
801 877 175831
642 758 463091
301 309 389571
181 569 942326
5 965 26054
609 959 549403
655 905 518401
301 636 196351
961 977 259121
813 969 986201
276 554 131645
653 929 964531
601 675 910985
263 918 450465
631 863 152626
993 997 108427
241 703 607056
913 919 179065
740 925 69575
581 772 158343
982 996 712354
581 905 827523
273 377 327129
928 957 385237
362 927 16492
926 952 452657
287 877 103983
209 708 965416
97 373 152857
481 871 662123
251 950 886739
473 785 629629
277 709 108951
1 971 747624
463 778 992301
339 418 936925
636 871 878739
141 741 151725
807 859 440685
561 914 37441
959 974 630728
336 386 975441
671 748 285910
717 968 696213
289 821 273851
223 887 616601
582 603 439951
233 375 563949
642 649 921201
699 711 6333
683 929 179177
917 989 982741
257 650 317809
646 684 778661
257 891 623505
501 925 406491
789 881 19921
273 297 60289
861 875 926989
839 965 648148
889 895 231897
400 973 43403
728 768 324297
889 903 402801
105 693 863918
796 994 480475
25 851 464695
570 861 127297
521 591 630737
201 801 580545
291 599 496805
735 812 476892
581 936 359027
809 960 740560
206 626 685937
258 995 993641
733 785 888257
351 452 812634
786 976 922121
315 911 72644
881 914 743541
371 856 216923
375 757 459901
339 350 544669
521 974 731391
994 994 610591
821 938 495881
653 869 225905
401 436 68021
21 161 388126
961 997 290433
682 897 561857
6 364 362318
78 383 846124
775 858 129646
101 550 507321
58 752 719361
271 407 720001
897 897 499203
162 296 419951
784 972 410177
857 893 367492
566 764 644611
926 971 23481
284 656 197440
193 751 520501
753 955 175040
828 938 244481
415 874 68105
638 768 466517
81 713 258811
205 437 199749
820 912 531422
929 965 2095
519 621 475801
510 605 453572
761 977 112001
569 749 993655
418 535 45416
931 936 812075
826 908 478937
961 961 236519
259 693 819505
261 311 163475
168 350 201735
985 998 254385
608 983 634681
650 917 96601
68 653 717007
921 951 798956
461 461 529249
241 605 21180
551 726 405025
449 754 913091
551 923 52588
648 894 487375
153 251 317555
781 952 957426
921 989 244431
129 279 181671
425 577 116112
95 276 163326
473 745 334854
26 93 533150
176 913 95096
801 827 136321
416 578 316769
993 1000 413661
27 691 702265
81 283 551611
476 597 140556
861 861 603823
673 754 862341
685 721 24991
183 504 915833
297 825 407558
159 873 776700
977 995 884841
301 487 430081
580 972 912261
431 849 928781
305 568 300681
847 991 719341
762 965 553816
516 680 164378
880 942 160191
634 890 7941
760 924 489694
509 785 502276
166 820 703565
1 425 116381
410 410 257906
66 521 934893
693 959 49256
527 601 252399
803 996 701409
677 997 967124
209 637 401080
983 989 937153
377 893 719589
137 953 907917
869 941 408043
73 771 690601
131 770 544751
617 809 742185
363 447 976813
385 531 787940
421 921 552861
769 905 754041
62 989 141193
280 849 233541
821 981 845961
730 987 189279
497 625 275355
217 776 827125
701 736 404529
231 234 368053
861 977 946721
657 716 75999
273 593 471849
49 105 476575
401 551 670073
447 643 328771
462 950 499665
976 981 29153
571 786 748382
464 890 39071
201 886 949457
801 881 597877
751 833 871245
21 646 472753
955 993 603601
751 785 518641
321 395 643823
353 413 756593
987 991 745485
64 190 907481
689 968 559505
585 921 864143
621 652 570817
581 813 201661
601 937 75379
501 747 664271
466 691 852189
295 487 304160
395 523 203938
389 675 226835
929 934 254077
345 843 762133
21 847 415175
567 702 550991
927 955 415474
146 236 363248
713 869 771361
609 993 88051
897 913 898988
776 887 86881
626 827 49701
589 677 536851
258 303 726863
619 849 529871
257 523 852810
863 896 216701
531 949 931045
55 932 55449
504 825 684621
867 925 747648
337 835 995284
30 184 660305
167 352 402146
241 615 557451
279 886 452477
582 980 524049
195 352 737978
797 865 656753
201 221 386273
186 309 140255
242 368 843804
697 711 274501
865 899 573331
981 991 670116
373 913 156071
289 539 296910
390 776 844816
665 965 865283
45 713 103715
565 833 565267
45 859 712247
785 925 211975
927 992 401309
373 927 408269
623 623 683013
631 925 927953
34 70 221749
916 948 269323
904 985 670294
275 345 186437
583 945 582225
803 935 515441
29 689 426435
426 677 923241
296 837 132825
785 845 455333
358 443 938961
53 850 656841
997 997 136262
925 941 619140
251 410 160827
540 643 43101
497 784 393388
1 685 683995
502 512 249596
884 989 369169
251 483 395718
582 841 433581
79 859 905481
297 983 918285
821 836 225653
271 367 197855
25 559 483121
781 878 338821
578 731 388462
356 575 969553
317 529 357888
313 569 785969
111 231 594138
521 733 60464
817 983 754994
706 911 952358
46 569 700901
497 945 357879
367 403 36481
625 997 326837
770 920 902189
769 960 959501
496 881 390041
533 623 824557
111 735 539463
24 443 316577
45 794 387827
28 701 513857
296 840 360767
149 176 418433
161 365 785831
742 989 752721
376 440 185553
464 992 726892
919 958 550245
727 929 555721
1 146 136831
107 881 484777
283 471 218873
976 1000 694149
713 740 155267
301 641 191009
47 339 554602
899 933 514081
981 981 722321
769 856 102221
421 501 899345
335 917 481081
421 788 181429
918 987 721706
573 803 315616
81 181 186337
166 482 425757
421 432 293612
141 189 554159
57 393 933430
503 578 442474
721 751 747216
377 609 382420
793 817 41211
217 723 640645
936 946 74391
193 395 652121
313 902 477765
745 845 17649
505 633 858441
901 947 463361
521 873 233953
5 353 9331
493 686 449831
128 914 359553
41 710 529393
6 330 856952
628 966 963457
23 125 832056
761 957 126679
24 817 269403
624 792 75391
371 785 841638
361 929 523257
11 121 779317
711 911 374736
669 693 526801
394 764 511229
207 921 855113
697 797 700353
297 509 458437
291 646 224013
528 797 825844
601 996 82441
184 449 184577
241 889 673700
741 953 203156
910 965 220594
6 358 51237
81 242 775866
731 979 712640
285 335 511063
409 933 294530
163 630 370018
227 361 75829
245 673 556294
493 949 779121
211 977 772233
971 986 590001
126 716 455825
601 849 25995
141 421 960781
228 566 446866
88 162 730096
671 735 833876
810 994 829399
1000 1000 156269
6 636 170456
465 825 944859
541 713 651767
651 681 361521
401 896 815111
880 943 717413
137 484 624513
321 633 412501
700 780 500055
9 681 505151
201 665 519437
905 952 385161
842 898 252805
291 771 964075
671 671 439793
353 765 834103
761 863 862001
89 413 88272
746 995 430973
951 991 197116
732 831 832657
98 635 627226
794 794 55938
702 991 594721
882 882 383465
556 746 713279
407 631 936485
305 611 941931
321 801 733767
701 797 61999
901 951 797956
893 895 9331
865 865 764239
697 941 309710
741 820 259996
881 929 119937
327 462 133781
677 995 461906
548 666 912229
181 499 63893
113 383 707011
676 892 70381
971 974 79309
881 977 268471
21 121 979664
236 987 622521
41 155 853175
99 825 518900
213 905 966209
280 875 464940
838 984 711921
416 660 619407
985 992 959367
191 833 719137
45 825 231808
521 980 180481
601 889 752417
621 711 751180
413 661 901953
263 473 181077
681 815 472424
75 97 203463
985 1000 950529
420 704 606281
9 393 911701
915 975 116936
540 768 106728
496 791 18061
641 911 585619
131 491 472937
19 641 695225
971 992 420073
50 582 856065
180 796 334221
753 889 490089
133 623 773330
366 528 301823
980 992 527037
686 827 114435
801 867 876627
36 58 131930
968 995 229501
