100 100
41 56 821080
1 18 511449
77 89 962461
61 91 884461
73 91 918311
29 29 162211
76 84 312659
69 85 497414
57 70 536036
50 56 790654
66 75 14231
29 29 349641
48 64 191197
27 73 213009
13 90 117958
13 13 379309
61 61 893161
81 91 815581
41 77 314881
81 83 482023
69 77 753377
71 71 514551
1 95 198221
36 39 408192
61 77 357909
93 96 874001
7 75 356129
21 31 141273
2 92 855580
61 94 143201
25 25 587585
69 73 503097
45 53 843686
86 96 509952
49 80 40877
54 93 897291
41 77 223585
61 61 958806
61 62 451141
79 89 88528
95 98 874936
48 68 390403
32 32 956185
65 65 384021
73 73 611110
63 65 519719
75 88 767961
69 85 398177
3 92 938113
93 93 317689
65 68 258560
41 74 710227
81 100 395451
23 62 102900
39 72 98867
30 74 883521
61 91 597985
77 93 140221
75 75 12906
49 96 176081
81 91 862645
29 29 636533
44 65 762885
79 87 30609
81 88 675151
83 89 188176
48 64 64421
17 33 324381
65 86 224536
25 50 903265
61 66 729036
91 99 552998
9 24 220417
68 71 161479
25 69 3003
73 77 794397
72 95 966961
71 99 718417
1 80 857964
19 21 974151
36 99 715362
72 77 518475
47 49 311781
64 79 695913
17 73 600873
89 89 821502
49 55 472911
79 87 919345
33 73 876976
26 97 610643
11 83 117445
39 69 269741
35 74 446058
99 99 678346
61 61 853477
1 51 543469
1 87 31797
29 99 599841
4 54 380491
2 64 593151
