50 50 600
27 14
26 25
14 7
10 23
50 18
22 42
31 36
36 2
23 5
44 12
9 22
34 26
7 17
26 41
19 42
31 16
40 28
11 37
44 20
4 20
34 24
30 42
1 26
10 27
11 12
21 41
23 31
29 23
30 7
48 29
37 43
45 8
37 18
34 15
12 3
47 30
16 31
49 48
36 22
7 7
28 26
38 13
50 44
16 8
29 9
17 46
24 41
19 10
5 1
11 38
16 4
37 10
41 3
2 9
48 30
18 33
43 32
18 41
16 35
34 31
16 17
49 9
44 4
12 22
49 44
27 32
38 23
15 30
9 18
39 3
4 25
40 10
42 50
14 14
6 48
25 32
40 43
45 16
35 14
47 19
22 48
14 22
34 11
15 4
27 37
27 30
26 18
16 18
44 29
41 4
50 8
7 2
20 17
29 14
15 24
40 14
32 32
37 13
44 37
29 15
37 16
4 38
12 27
23 13
30 11
43 24
21 30
44 36
29 17
27 27
20 47
1 44
26 22
47 40
35 36
49 16
35 13
42 3
46 7
5 10
34 13
27 36
33 26
14 6
2 27
38 33
31 32
29 16
50 12
13 4
50 34
20 45
39 33
32 7
45 6
29 28
7 27
35 46
9 6
42 49
42 1
14 44
35 27
26 20
14 47
15 11
26 8
33 36
7 41
21 44
13 30
13 43
14 37
29 19
25 50
15 42
26 31
48 39
14 30
50 9
23 18
30 18
42 45
5 22
2 40
35 24
18 39
50 20
1 13
27 1
27 42
46 40
31 22
28 36
17 37
50 32
31 46
40 20
27 38
44 38
31 49
4 4
16 40
13 12
36 5
32 50
43 15
29 12
1 19
19 15
19 23
25 16
4 15
41 36
33 37
33 5
13 5
48 7
32 31
26 5
37 12
33 33
35 39
14 32
12 48
1 20
17 22
9 16
23 30
7 43
36 17
6 40
12 45
26 26
28 34
40 3
13 21
7 22
36 4
36 46
31 10
49 4
13 45
21 8
36 38
6 26
33 41
1 47
9 9
25 42
49 46
10 49
40 27
11 28
14 28
30 47
44 7
22 36
32 2
15 9
17 33
30 45
47 6
12 46
38 35
5 39
12 38
1 16
21 22
32 40
39 6
18 9
14 40
50 21
50 5
26 43
6 50
36 32
14 50
29 45
45 4
49 3
22 16
47 24
29 4
44 48
6 29
24 33
38 19
3 39
46 42
20 35
36 33
18 49
12 17
13 50
28 41
26 2
44 28
43 17
21 7
26 17
11 50
50 27
48 33
46 18
46 4
30 22
18 43
44 1
37 24
22 50
17 20
21 25
17 48
32 4
15 12
15 32
1 43
27 9
12 6
45 2
35 19
36 40
1 28
3 20
3 48
35 31
26 16
22 12
44 22
19 38
33 19
39 12
39 20
46 26
40 12
1 31
5 17
39 14
16 9
9 42
42 23
19 41
22 46
30 41
29 22
14 17
8 32
8 50
34 4
2 15
7 28
26 35
43 39
13 6
2 46
28 12
6 42
10 29
40 31
18 26
46 17
20 2
33 24
17 49
3 4
23 41
35 30
46 45
8 23
30 15
24 49
22 37
47 47
23 25
5 2
21 47
12 36
38 38
4 16
39 29
48 22
48 25
38 20
19 27
48 13
19 8
7 20
6 35
36 20
15 26
22 6
48 44
11 42
49 21
33 12
16 32
23 14
25 6
34 6
40 9
30 50
40 22
23 23
34 21
49 8
41 49
22 5
19 16
9 13
23 11
33 8
21 21
19 35
30 46
14 25
14 39
23 48
19 48
20 29
33 16
31 28
16 36
48 34
3 30
46 33
20 21
9 29
49 15
32 18
4 28
24 38
2 36
23 27
34 43
46 39
9 44
39 15
48 8
49 1
28 22
29 27
14 35
23 6
5 20
18 35
7 42
14 42
5 50
50 6
43 40
13 47
19 39
3 47
24 5
27 12
50 15
42 48
2 32
29 32
13 36
37 47
17 6
28 20
5 19
9 47
48 27
40 30
15 49
12 30
43 12
41 39
8 10
15 1
15 47
12 11
30 38
33 30
2 18
24 7
42 29
2 19
1 35
38 36
34 27
18 34
16 14
50 2
4 11
9 27
3 25
5 11
20 28
31 2
3 38
36 36
27 22
49 39
46 15
49 37
22 20
14 38
34 33
24 11
6 5
9 4
40 34
15 38
43 35
25 38
22 32
8 12
10 21
12 2
25 27
20 40
46 50
37 39
12 23
47 33
33 9
1 18
41 5
48 15
43 18
47 41
5 42
9 32
3 3
7 24
27 33
30 24
44 8
31 9
15 44
48 24
11 15
8 7
4 8
13 9
1 8
39 44
8 11
38 42
45 17
1 14
19 6
2 31
8 18
6 16
25 11
41 12
45 32
7 31
25 21
6 43
12 20
5 43
11 46
4 43
10 43
39 11
20 38
36 8
25 34
4 41
2 43
2 17
41 27
47 38
49 36
17 45
37 7
49 47
17 26
42 19
45 19
16 5
16 12
40 37
41 43
5 5
48 11
50 14
4 39
29 20
17 44
24 16
22 47
31 44
48 9
8 16
20 9
16 10
5 30
22 23
27 44
43 20
39 18
16 38
44 16
10 30
31 43
15 22
18 11
3 41
18 20
31 50
11 34
17 11
29 36
33 14
11 7
38 16
6 45
44 19
24 17
32 30
32 42
