100000
 2
0 5
30 72
2
32 100
21 37
2
41 81
14 54
2
0 7
9 34
2
7 75
27 97
2
23 72
51 62
2
47 100
18 90
2
6 86
25 45
2
54 55
18 39
2
19 56
3 16
2
68 87
65 89
2
2 3
53 65
2
17 78
11 12
2
28 77
14 42
2
0 16
85 87
2
40 83
24 28
2
0 10
9 11
2
20 23
6 27
2
78 86
28 46
2
0 24
76 82
2
14 63
4 5
2
10 76
68 90
2
33 78
9 24
2
6 9
31 44
2
23 44
50 57
2
2 71
48 74
2
9 20
9 10
2
38 48
5 16
2
0 39
0 13
2
2 25
47 83
2
15 46
39 61
2
23 49
4 11
2
2 86
0 4
2
3 34
19 44
2
30 52
2 4
2
37 40
22 51
2
54 95
69 84
2
13 58
23 39
2
5 12
43 47
2
51 65
70 90
2
60 70
9 22
2
24 32
41 93
2
35 77
23 24
2
85 90
8 41
2
29 79
16 22
2
53 72
2 17
2
8 41
57 85
2
9 100
8 10
2
15 18
6 23
2
38 83
28 75
2
25 36
34 50
2
2 52
6 38
2
43 67
35 45
2
26 42
6 20
2
45 46
28 41
2
17 21
83 96
2
37 77
1 15
2
27 87
16 43
2
13 33
45 66
2
26 58
11 72
2
0 21
84 87
2
8 75
34 76
2
27 64
17 65
2
15 56
33 69
2
16 23
0 6
2
2 15
26 77
2
18 34
22 48
2
11 52
4 29
2
77 85
30 76
2
25 31
40 83
2
40 54
64 96
2
23 29
42 71
2
24 47
1 48
2
25 88
5 61
2
14 25
4 55
2
12 62
0 4
2
3 15
13 91
2
14 22
2 41
2
7 67
22 40
2
69 75
63 64
2
64 80
12 44
2
57 64
4 7
2
56 66
7 45
2
8 54
38 49
2
9 32
47 51
2
24 69
9 24
2
28 78
0 11
2
14 29
30 75
2
12 38
28 86
2
13 79
38 66
2
0 44
29 30
2
6 81
0 12
2
51 52
11 64
2
21 25
7 10
2
74 93
27 41
2
3 44
1 2
2
59 94
13 43
2
19 32
9 22
2
29 73
3 56
2
1 32
23 86
2
4 53
16 49
2
20 67
42 59
2
49 98
59 92
2
4 97
4 93
2
7 17
14 42
2
24 88
8 24
2
47 49
42 66
2
32 39
15 20
2
7 13
5 57
2
45 56
1 67
2
19 60
28 83
2
13 47
15 26
2
46 75
1 5
2
3 8
44 99
2
56 89
0 2
2
27 98
89 100
2
24 32
17 43
2
63 72
71 98
2
53 63
37 48
2
19 33
2 25
2
3 48
13 25
2
5 7
44 88
2
9 22
8 81
2
33 57
27 78
2
23 66
5 48
2
35 80
35 36
2
58 80
63 73
2
57 62
59 80
2
0 2
10 34
2
3 16
81 99
2
33 67
83 91
2
6 39
33 57
2
33 96
9 60
2
3 15
8 49
2
77 79
20 27
2
10 15
36 46
2
15 27
24 72
2
11 20
36 45
2
5 9
58 73
2
53 87
9 43
2
26 33
63 67
2
1 7
10 88
2
19 43
4 59
2
23 25
73 100
2
8 16
13 34
2
46 76
19 82
2
81 85
17 24
2
30 54
30 45
2
3 33
21 58
2
56 100
0 4
2
64 65
13 49
2
15 17
18 49
2
0 4
69 94
2
72 99
6 11
2
1 27
0 10
2
8 11
2 27
2
42 51
3 8
2
3 51
11 63
2
18 79
5 61
2
1 22
21 73
2
22 67
32 60
2
37 43
14 71
2
11 25
8 41
2
68 70
5 11
2
85 89
19 41
2
64 86
33 65
2
33 37
33 43
2
25 61
1 2
2
48 94
8 29
2
1 13
50 71
2
23 28
23 35
2
33 68
1 3
2
2 7
4 15
2
18 26
27 31
2
5 6
13 17
2
20 77
4 13
2
15 30
9 92
2
6 13
19 26
2
3 34
45 94
2
53 66
17 47
2
12 16
84 90
2
7 43
78 87
2
4 19
7 74
2
1 3
12 35
2
5 34
25 98
2
33 47
1 48
2
86 93
11 30
2
10 40
10 24
2
13 34
26 56
2
5 30
19 82
2
10 73
45 68
2
15 95
10 65
2
11 35
11 25
2
89 93
4 8
2
8 21
86 88
2
6 18
24 48
2
25 94
20 29
2
24 42
10 14
2
22 41
21 46
2
16 21
32 67
2
66 70
11 18
2
8 22
6 92
2
3 26
0 3
2
10 36
86 92
2
30 50
30 88
2
4 18
35 69
2
38 98
0 27
2
28 50
6 16
2
29 40
15 21
2
21 43
9 12
2
57 65
7 20
2
38 46
83 92
2
1 7
29 91
2
1 63
6 8
2
2 43
51 65
2
13 85
7 13
2
20 59
24 31
2
41 51
17 42
2
10 61
47 50
2
0 5
10 61
2
11 57
37 48
2
10 14
18 68
2
18 65
71 83
2
30 63
30 75
2
17 25
16 70
2
45 99
19 100
2
2 15
40 41
2
10 26
7 10
2
26 82
21 33
2
30 42
36 37
2
64 68
17 29
2
24 28
14 67
2
29 37
9 52
2
4 32
63 67
2
18 32
4 5
2
24 61
57 63
2
15 84
6 73
2
20 88
29 43
2
0 11
52 71
2
69 74
6 67
2
36 39
39 64
2
20 69
18 86
2
13 79
8 67
2
5 7
26 35
2
8 48
23 43
2
11 44
39 46
2
19 100
37 39
2
14 44
27 41
2
24 27
9 28
2
46 73
6 61
2
6 62
16 26
2
14 26
40 44
2
5 74
12 24
2
77 86
91 99
2
4 28
18 26
2
38 87
16 49
2
31 82
58 94
2
8 9
7 9
2
25 99
12 17
2
8 9
56 78
2
17 52
9 16
2
3 4
10 27
2
47 57
40 83
2
1 68
42 48
2
33 59
33 95
2
62 80
14 16
2
5 13
4 91
2
9 14
18 93
2
1 9
16 22
2
32 35
10 27
2
5 35
36 37
2
15 28
3 54
2
20 43
69 87
2
33 62
63 94
2
9 53
15 52
2
1 48
8 10
2
13 29
32 79
2
8 55
38 84
2
18 22
18 22
2
46 53
8 16
2
8 93
12 13
2
68 97
78 95
2
32 35
17 33
2
5 26
35 81
2
19 84
7 12
2
9 80
44 87
2
6 15
60 69
2
29 43
2 4
2
2 72
2 36
2
59 67
9 37
2
20 57
29 49
2
40 85
1 69
2
8 9
43 44
2
0 76
76 84
2
37 38
15 87
2
24 61
27 32
2
1 4
17 28
2
2 3
23 36
2
9 19
2 100
2
33 92
3 22
2
2 3
44 76
2
96 100
20 34
2
0 3
6 14
2
5 7
43 64
2
29 82
3 50
2
3 5
29 92
2
12 57
49 64
2
49 50
33 78
2
24 44
24 33
2
1 72
0 21
2
1 23
13 24
2
0 3
30 48
2
31 32
0 88
2
4 22
43 53
2
33 46
15 16
2
56 95
21 66
2
55 77
2 20
2
15 59
21 67
2
48 76
28 65
2
35 42
2 9
2
59 83
17 78
2
32 59
6 13
2
62 64
0 7
2
56 60
3 49
2
45 46
35 38
2
18 39
0 9
2
30 84
2 35
2
31 71
42 57
2
21 25
5 7
2
44 61
21 83
2
25 69
25 62
2
3 7
9 43
2
15 63
29 77
2
54 56
5 8
2
6 23
61 85
2
42 49
35 63
2
36 56
8 67
2
4 8
52 65
2
9 12
12 28
2
57 69
72 81
2
30 49
43 66
2
18 95
18 19
2
0 3
33 82
2
34 39
20 23
2
25 87
19 27
2
19 97
30 95
2
4 7
5 7
2
44 45
13 86
2
21 22
21 79
2
9 17
8 34
2
8 49
1 25
2
46 62
19 21
2
38 92
28 30
2
7 23
87 99
2
4 63
4 9
2
43 59
26 35
2
89 93
23 52
2
4 13
27 31
2
50 75
0 2
2
8 90
1 12
2
9 66
50 53
2
45 52
1 14
2
0 2
78 96
2
29 95
4 20
2
26 73
13 31
2
79 84
2 7
2
2 4
0 2
2
14 100
14 22
2
19 49
60 78
2
0 43
87 98
2
45 50
45 50
2
13 85
33 100
2
27 56
8 19
2
20 53
13 64
2
63 78
69 77
2
28 37
45 88
2
22 40
18 76
2
21 87
2 56
2
6 22
12 48
2
27 75
3 27
2
51 66
12 26
2
3 83
3 83
2
23 25
7 44
2
14 88
68 70
2
67 77
11 21
2
11 13
59 60
2
16 22
7 34
2
41 68
1 43
2
0 13
4 38
2
1 7
38 74
2
37 82
16 39
2
12 33
31 42
2
0 2
11 16
2
63 73
14 19
2
13 34
20 69
2
16 24
40 54
2
4 6
1 3
2
38 83
32 34
2
13 33
2 84
2
19 25
5 20
2
34 46
36 66
2
14 32
0 39
2
24 36
16 20
2
29 35
53 54
2
7 21
4 41
2
18 19
8 59
2
43 48
71 76
2
0 13
26 39
2
8 42
24 59
2
11 45
45 51
2
8 32
15 21
2
18 28
45 80
2
11 74
32 34
2
23 25
25 31
2
6 12
62 91
2
55 88
33 66
2
17 41
3 13
2
74 93
8 21
2
3 16
29 54
2
0 9
35 53
2
27 73
9 39
2
9 21
3 86
2
9 49
31 68
2
5 47
21 23
2
16 30
19 57
2
6 94
54 100
2
4 52
69 91
2
32 57
9 40
2
53 82
3 6
2
56 64
4 14
2
17 39
84 97
2
47 56
66 71
2
9 36
44 51
2
14 57
19 31
2
6 48
37 95
2
48 61
3 12
2
28 98
0 7
2
55 68
40 43
2
74 97
89 90
2
9 55
0 23
2
8 9
20 21
2
9 14
70 82
2
0 6
15 75
2
36 56
1 17
2
24 77
14 54
2
72 97
53 100
2
60 71
5 31
2
43 88
0 15
2
23 42
58 71
2
13 22
11 45
2
4 5
42 62
2
24 42
38 56
2
53 63
2 31
2
26 59
25 31
2
23 64
39 68
2
17 68
4 9
2
10 90
26 71
2
28 36
16 86
2
67 80
29 98
2
5 13
7 54
2
73 84
33 40
2
54 65
17 54
2
7 9
8 10
2
20 58
41 85
2
21 65
30 34
2
0 91
49 84
2
63 67
14 38
2
90 94
44 96
2
44 62
48 51
2
69 83
67 84
2
65 98
13 30
2
19 24
3 11
2
32 44
4 12
2
11 14
44 72
2
10 21
5 23
2
3 24
13 17
2
56 100
35 43
2
22 98
0 3
2
57 70
45 78
2
39 84
23 25
2
22 23
50 57
2
13 22
9 10
2
31 37
15 88
2
45 55
20 25
2
29 69
54 68
2
26 35
16 95
2
54 61
8 16
2
9 26
46 62
2
42 81
0 75
2
5 97
27 60
2
13 18
35 71
2
32 88
10 19
2
18 75
2 22
2
9 29
12 62
2
6 11
7 24
2
49 59
21 58
2
6 55
21 85
2
28 81
30 58
2
38 41
71 76
2
20 27
24 77
2
13 26
18 31
2
28 36
22 78
2
8 11
9 11
2
11 46
1 2
2
7 13
13 16
2
5 91
21 45
2
2 36
5 43
2
31 75
14 22
2
7 20
17 89
2
46 87
3 41
2
44 56
4 32
2
14 96
8 13
2
10 66
35 37
2
30 69
20 26
2
8 42
7 39
2
22 96
47 92
2
40 54
32 77
2
10 44
4 25
2
3 48
6 99
2
17 82
16 91
2
6 8
24 67
2
12 26
34 42
2
37 56
17 26
2
25 36
43 99
2
55 80
55 76
2
6 33
30 45
2
13 91
33 48
2
9 33
12 20
2
13 26
51 69
2
1 9
43 73
2
30 54
11 90
2
53 61
40 58
2
30 52
57 65
2
13 22
48 61
2
45 98
0 15
2
23 84
4 6
2
41 59
15 17
2
26 55
27 54
2
20 31
51 77
2
17 71
35 46
2
3 7
13 83
2
42 94
57 66
2
31 59
31 99
2
76 91
48 98
2
16 33
41 73
2
9 84
1 4
2
30 58
55 81
2
2 27
65 99
2
23 40
30 54
2
57 60
39 82
2
16 90
37 71
2
41 82
49 100
2
72 98
58 63
2
80 90
7 8
2
4 7
39 63
2
55 77
30 78
2
8 20
16 77
2
1 27
69 82
2
62 64
18 26
2
1 8
5 10
2
11 30
15 59
2
1 11
15 60
2
9 17
46 49
2
29 69
0 4
2
2 4
47 51
2
3 42
50 85
2
54 56
1 15
2
30 33
12 34
2
15 28
16 51
2
6 9
52 63
2
13 21
21 28
2
1 2
15 47
2
17 18
5 70
2
22 71
53 100
2
53 62
1 63
2
0 10
60 95
2
1 36
11 22
2
7 28
7 91
2
20 22
2 46
2