500 500
99992 99991 99994 99999 99991 99998 100000 99995 100000 99990 99991 99997 99998 99994 99994 99993 99999 99995 99999 99993 99995 99990 99995 99993 100000 99991 99992 99998 99997 99991 99990 99995 99994 99997 99995 99991 99994 99997 99996 99994 99997 100000 99996 99999 99993 99990 99991 99994 100000 99998 99994 99996 100000 100000 99992 99999 99990 99997 100000 99996 99995 99998 99991 99995 99997 99990 99999 100000 99996 99998 99992 99999 100000 99992 99997 100000 99999 99997 99997 99993 99998 99998 100000 99992 99996 99999 99992 99995 100000 99999 99992 99992 99997 100000 99994 99998 99999 99998 99994 99990 99998 99991 99998 99995 99992 99995 99999 99990 99999 99997 99998 99993 100000 99995 100000 99999 99991 100000 99993 99990 99991 99990 99992 99999 99992 99997 99999 99990 99991 99998 99994 99997 99992 100000 99993 99996 99993 99995 99991 99999 99993 100000 99998 99995 99998 99992 99990 99994 99995 99994 99992 99990 99993 99999 100000 99994 99990 99992 99996 99991 99995 99996 99992 99992 99990 99996 99993 99998 99995 99994 99994 100000 99992 99996 99991 99991 99990 99995 99993 99993 99996 99996 99994 99998 99990 99993 99992 99992 99998 99990 99993 100000 99995 99996 100000 99990 99994 99997 99994 99994 99991 99990 99993 99994 99992 99995 99999 99997 99995 99997 100000 99996 99995 99997 99992 99999 99995 99992 100000 99995 99991 99999 99994 99995 99992 99994 99999 99991 99995 99998 99998 99998 99993 99993 99999 99990 99990 99991 99999 99997 99991 99992 99999 99997 99998 99993 99994 99993 99992 99990 99998 99999 99990 99990 99998 99991 99995 99995 99991 100000 99990 99991 99997 100000 99997 100000 99994 99996 99991 100000 99993 99994 99991 99997 99997 99999 99996 99994 99994 99991 99996 99999 99992 99990 99991 99992 99992 99997 99999 99993 99991 99990 99991 99994 99994 99996 99999 99997 99995 99999 99995 99995 99991 99994 99999 99999 99994 99995 99996 99992 100000 99997 100000 99995 99990 99998 99998 99994 99995 99994 99995 99999 99991 99991 99990 99998 99999 99994 99993 99990 99999 99996 99991 99993 99990 99997 100000 99998 99994 99997 99998 99990 99996 99994 99996 100000 99997 99991 99998 99992 99993 99991 99999 99999 99990 99991 99991 99997 99997 99994 99992 100000 99993 99997 99991 99994 99997 99991 99994 99990 99994 99995 99994 99993 99990 99999 99993 99990 99997 99994 99992 99997 99992 100000 99998 99996 99993 99997 99990 100000 99994 99996 99994 99992 99998 99997 99994 99993 99992 100000 99998 99992 99998 99995 99994 99990 99992 100000 99999 99996 99999 99991 99999 99998 99997 99997 99993 99993 99993 99995 99998 99994 99995 99994 99995 99998 99992 100000 99996 99993 99998 99991 99998 100000 99995 99997 99993 99996 100000 99998 99997 99991 99997 99990 99996 99990 99993 99994 99994 99992 99994 99990 99990 100000 99992 99993 99995 99990 99994 99999 99990 100000 99996 99996 99999 99992 100000 99999 99992 99992 99994 100000 99995 99994 99999 99995 99991 99991 99994 99996 99992 99995 99993 99992 99992 99992 99991 99995 99999 99998 99994 99996 99990 99994 99995 99998 100000 99999 99990 99994 
3 452
24 417
22 356
62 439
23 418
3 298
18 467
147 421
29 312
101 361
115 455
98 355
38 388
149 450
198 450
28 419
178 486
22 451
127 482
169 458
152 490
73 429
78 351
4 265
89 340
212 473
239 493
76 339
64 357
70 467
69 390
54 438
59 497
10 360
15 397
80 425
17 289
14 300
25 389
208 496
42 357
80 497
4 395
62 313
61 470
69 415
11 274
229 490
40 360
121 421
44 475
30 383
2 457
102 430
86 375
49 345
104 375
80 497
131 441
13 391
31 286
69 379
49 460
3 421
70 392
97 421
199 499
36 319
142 411
50 474
69 350
83 367
42 382
50 460
42 332
96 478
210 464
8 480
5 295
159 420
88 446
118 406
32 405
33 474
27 367
21 372
92 381
77 368
103 366
168 461
207 480
153 456
78 392
17 410
111 366
168 470
44 382
113 492
93 348
80 439
75 361
27 436
1 471
66 500
89 407
68 326
146 466
42 422
136 448
110 389
75 394
22 499
32 335
184 445
232 488
167 487
128 468
25 408
55 493
121 448
13 438
73 326
62 452
46 352
38 331
54 313
56 328
233 492
11 360
11 289
43 349
119 393
47 438
187 475
240 493
91 367
27 294
36 354
53 472
28 371
85 414
29 480
87 435
69 450
107 393
109 445
13 449
33 417
67 456
80 477
26 455
50 476
11 404
26 454
6 288
90 420
101 454
16 485
104 383
43 494
37 320
106 367
79 442
31 293
101 355
113 479
4 295
31 300
49 486
4 359
118 392
67 447
24 450
78 405
32 428
49 326
34 346
19 455
206 494
111 449
207 466
47 390
188 444
162 497
41 478
34 332
134 412
122 430
75 444
101 421
38 323
69 408
5 357
125 414
10 437
102 411
110 389
91 354
31 491
34 498
24 441
81 338
52 399
22 351
116 395
56 485
122 492
63 423
113 433
48 452
61 462
225 493
167 435
169 485
10 466
143 475
42 491
54 391
52 452
10 476
95 397
213 481
154 423
6 418
207 461
31 286
36 321
88 338
52 441
89 429
106 472
190 493
78 476
226 488
95 483
19 336
2 445
72 421
52 304
17 300
18 317
27 303
115 437
118 474
172 493
136 482
36 340
12 313
141 416
183 460
16 287
197 495
20 440
86 397
119 378
37 433
90 471
54 488
107 406
16 392
67 320
74 469
134 473
23 380
145 422
9 290
103 368
88 358
76 486
93 407
30 371
44 445
106 467
73 445
170 488
22 394
16 493
53 363
64 340
27 282
20 451
77 460
95 411
105 495
37 455
23 307
16 270
188 474
84 428
15 411
20 448
55 481
84 374
135 424
96 414
36 347
76 491
88 434
19 446
161 446
28 345
49 305
114 390
147 444
182 452
75 358
50 477
91 420
33 397
113 420
75 359
242 496
77 413
38 482
166 438
71 455
139 436
49 436
84 484
149 417
20 415
41 430
32 429
15 486
166 481
76 493
181 445
6 367
79 337
31 361
16 395
3 261
49 429
28 493
81 368
25 424
15 333
114 388
27 279
211 479
91 369
89 401
104 387
129 468
31 283
16 364
152 413
47 306
25 370
57 372
48 377
56 450
50 396
126 457
9 269
74 364
26 444
64 319
16 376
75 401
9 479
145 404
16 266
120 454
77 367
3 336
185 492
66 348
86 347
5 489
106 447
145 439
37 365
42 306
58 369
150 408
11 415
86 339
36 415
46 298
130 422
154 444
120 421
41 473
163 413
25 476
158 410
16 305
83 499
66 485
57 336
85 474
40 429
9 421
124 479
153 475
119 387
130 452
55 316
113 366
99 436
112 400
16 390
49 440
186 468
149 475
36 312
72 470
100 465
36 367
3 338
6 267
71 435
86 486
83 427
70 405
34 421
218 474
39 434
183 491
24 292
74 483
53 485
2 498
3 467
50 434
26 289
139 396
41 424
175 452
87 422
142 466
160 499
74 474
16 319
70 345
163 475
35 410
94 450
33 499
67 488
20 283
11 469
159 487
190 441
154 425
148 464
28 365
114 464
62 312
21 463
119 496
31 333
31 364
171 488
18 317
52 473
9 337
113 433
29 439
124 438
197 475
43 486
38 469
33 432
112 465
147 405
40 353
41 408
103 444
139 490
108 500
130 410
123 471
90 469
110 402
28 343
47 431
34 352
168 497
144 497
188 455
124 428
23 440
135 402
82 467
7 356
102 368
195 490
53 310
47 413
197 450
207 491
238 489
148 480
24 285
42 308
55 313
93 492
132 404
