500 500
46879 80912 34594 55275 16668 2924 87137 78519 91014 78588 55597 71145 61600 46095 44837 12892 12117 65725 4398 72626 39127 3892 94604 45560 36390 38660 33964 67192 29968 68833 62042 14577 64049 69120 67035 81411 68083 90258 86249 39971 27870 81527 64156 90717 20989 35383 17935 21408 33778 95058 89510 40393 9000 41952 45497 71674 95594 7047 88427 94426 50826 14529 95689 32619 6550 65335 76147 986 84234 55574 645 99504 61989 99624 66023 50028 44691 9090 99348 16591 1201 10035 41474 49305 81203 42262 66130 50542 38589 23187 3264 63226 24158 18262 44146 72757 95122 9720 95583 88160 27058 38839 58453 93476 48881 8683 37215 1739 60308 40166 48000 37207 88288 72732 91420 74336 73615 73068 65669 88363 63449 90747 81984 70884 19999 40844 84309 48265 99463 16598 42062 23053 68253 20413 1476 18242 33453 42707 57654 94991 46129 55452 80389 36912 20808 60784 88793 21820 38797 87198 64439 64449 98530 45278 73773 92147 73075 53799 44110 26273 55575 11792 16336 12803 71935 33999 80733 53698 42725 49731 84083 32576 50583 90800 11991 11358 49520 34261 72556 75023 77527 92898 91576 97537 43092 505 52293 3274 89513 40053 26447 26051 14434 71655 43246 68595 58181 67641 85000 15457 70460 18632 64235 74815 33766 25139 89162 68710 24136 17118 64020 37226 29061 71408 94947 34837 77234 72293 90599 83040 31863 945 95218 27215 72277 57695 76693 83236 76229 42614 54650 46108 2298 83671 93832 41938 63018 85240 28739 40003 6942 23132 16382 60623 68536 97341 74788 21344 54633 84068 73846 45265 99440 5414 19760 42779 57611 53152 76137 56151 34207 38487 28547 19210 14237 19587 61400 76853 69844 74509 2485 13331 46142 36234 60227 99147 93059 47310 8125 3695 13252 8183 37947 9441 17239 40588 57640 25322 14412 52617 17423 77719 50245 20903 99993 69067 60283 10404 77409 56147 60804 79745 93875 18609 27193 29534 94768 47389 59644 73696 93703 80310 81344 53220 80579 46752 11930 44988 29811 53480 49894 92391 94239 35794 5712 24146 2279 72556 96852 11680 24163 9063 83016 60050 83563 56914 18465 6444 48098 20348 42135 52904 95899 1503 86714 33977 44674 28559 94000 64626 55780 70768 19844 57441 90966 93605 78907 52035 9758 50873 16529 76030 27739 94765 27573 89659 75979 16943 5196 71491 30067 67472 31970 82094 34874 96738 19663 71972 13389 62932 23006 65701 96021 64245 32759 9751 91612 59373 69036 26541 59741 60873 95746 98126 48508 40365 65730 64914 55280 39289 29348 26443 76739 47261 7379 97313 8568 83802 54645 17316 38484 18445 3662 34980 72126 7877 2712 33938 81120 22037 68251 47878 90409 4017 21556 35266 1664 51292 93453 70441 51981 87037 48567 25357 72229 86449 76579 66611 95816 72231 1759 98100 68126 89376 29111 98222 5976 60149 29076 97419 84266 99248 46284 80081 45238 65271 93883 4800 62490 33485 64122 87806 33120 1694 82887 30086 56660 77335 38645 81828 57131 43458 79028 26026 95007 84923 62842 79235 59496 21647 47371 52974 72045 81316 41104 10123 75993 43450 21258 49016 50711 89807 86531 28113 5918 58542 41057 2119 78470 89556 
70 415
155 408
13 411
101 438
32 404
28 403
148 421
40 475
53 437
50 333
131 464
32 402
76 469
207 490
156 498
5 426
23 490
72 486
47 362
49 388
68 443
108 395
37 363
70 383
7 466
97 419
1 464
194 454
72 325
60 352
184 464
99 364
17 343
143 397
10 464
148 482
129 388
166 448
75 325
120 436
19 395
50 456
22 347
32 370
38 312
54 422
130 500
155 482
134 495
156 473
78 364
196 448
80 482
11 365
54 372
163 458
57 420
157 450
136 403
1 452
80 336
106 461
76 416
120 489
155 441
93 447
44 434
167 438
15 270
12 423
31 390
175 453
105 427
89 427
14 385
65 474
176 483
68 394
72 494
36 407
36 377
88 476
72 337
56 423
97 440
140 414
151 433
39 377
61 391
90 445
91 487
34 403
66 416
209 492
41 336
48 301
11 458
46 495
71 434
10 392
96 499
82 464
235 497
145 457
125 402
47 490
181 438
32 288
16 485
179 458
153 445
87 493
154 498
71 412
58 387
65 496
163 460
177 436
135 449
49 426
113 436
34 340
98 447
115 382
153 405
84 351
64 378
213 471
181 444
129 436
118 486
76 457
4 349
46 325
6 311
18 465
100 385
214 466
26 418
44 452
10 424
133 417
214 497
44 413
81 462
145 471
65 330
140 393
19 365
186 473
14 378
40 400
111 424
73 355
88 370
67 498
50 368
204 467
74 361
103 442
35 335
68 321
26 292
127 458
3 341
119 416
83 429
157 431
9 325
6 332
28 444
53 438
29 333
53 476
127 472
27 373
130 490
55 489
70 376
36 390
182 485
66 381
49 365
169 443
56 396
131 415
46 414
233 497
135 466
51 366
39 429
13 402
115 415
110 449
197 497
57 421
15 379
10 276
165 443
154 500
34 449
75 487
6 498
50 396
73 494
113 411
21 318
37 371
55 432
174 480
210 496
84 442
83 500
68 416
77 368
5 433
58 335
55 350
61 434
12 271
78 357
120 421
156 457
79 338
38 477
66 447
16 499
29 499
73 446
38 456
70 422
90 415
153 423
22 437
84 402
52 324
197 458
42 451
159 452
80 378
39 493
53 309
89 431
75 457
51 442
103 392
165 445
202 500
93 447
136 446
65 413
25 341
119 470
139 415
134 485
38 493
101 393
12 272
32 325
8 410
19 326
218 469
19 481
208 492
42 373
112 435
96 445
176 460
20 297
208 492
9 308
98 375
112 487
132 437
60 361
6 372
53 437
55 369
120 381
30 346
62 427
193 449
182 498
75 407
136 458
16 472
76 490
39 376
13 290
34 309
130 408
23 347
80 410
92 352
149 401
41 480
146 440
165 493
119 473
166 469
1 366
35 305
211 479
158 469
16 485
112 466
24 313
112 362
52 315
185 475
131 419
16 450
54 480
65 399
133 388
36 463
72 444
64 337
55 370
69 401
4 374
192 459
122 449
151 469
50 446
76 398
59 457
108 453
23 280
33 496
16 294
2 415
50 432
168 465
159 428
104 479
15 343
115 444
49 317
44 445
118 450
199 465
63 347
55 491
85 436
158 438
173 469
54 426
72 490
83 401
157 414
73 356
45 371
34 485
84 491
174 433
20 291
74 413
100 434
1 427
8 492
89 474
141 467
23 323
79 459
3 297
73 430
72 348
63 372
163 444
131 429
23 291
62 473
6 363
190 453
136 488
142 486
80 363
110 371
63 484
102 373
203 454
175 432
75 442
15 400
167 461
55 342
61 335
52 381
113 479
228 499
61 371
97 351
122 478
96 391
35 380
29 479
138 447
147 435
75 496
32 414
69 382
134 466
11 499
60 472
33 286
2 487
36 302
94 491
208 467
52 457
5 346
86 438
168 463
105 469
11 418
98 420
80 412
15 498
35 435
143 426
87 395
39 413
82 484
62 491
14 289
128 466
42 353
90 437
210 460
117 402
16 328
187 486
154 451
43 447
153 494
60 340
70 427
52 386
151 464
169 473
90 432
25 394
8 418
57 407
36 466
12 427
173 476
14 367
9 461
54 331
4 436
51 331
51 452
24 352
74 372
67 332
102 494
77 351
1 450
80 427
210 495
6 294
73 454
12 299
120 411
100 384
218 499
125 453
125 462
69 472
87 409
137 426
80 376
72 378
92 350
79 475
62 494
110 383
13 339
5 373
26 499
90 442
41 393
186 495
116 455
113 370
47 312
70 362
97 383
34 488
207 462
28 462
108 474
207 486
92 462
65 425
158 446
56 465
4 333
