500 500
45640 82896 12169 8589 88166 88470 88530 62786 40874 65256 79983 22912 65160 20031 29169 58938 61166 54829 79611 4159 53645 19272 12350 55673 66143 61689 57378 88022 88831 90928 88494 79558 6814 11490 30163 23996 62169 69813 78923 1665 1639 47385 35753 86086 65558 75766 19147 36327 17607 32247 77212 20946 30329 39805 64080 45071 10478 91378 43738 43189 24559 34459 76581 30957 15841 38947 85645 36668 85037 12170 88696 44876 50880 54906 49297 75975 77241 67360 75897 11740 99098 10013 63157 95638 79676 81053 18605 84584 6887 30736 20990 74466 65286 26273 22774 54986 24307 35916 21716 58195 60479 48672 51309 64567 74031 49498 61501 94742 16876 29636 51174 69401 17488 32698 44183 21610 19061 43298 84954 34526 35558 97588 86496 19009 22454 69103 22357 60627 3578 9813 83564 56206 29637 22566 26466 31286 807 71932 38839 63274 74168 71095 9135 1497 53902 8815 77070 65823 6262 16379 55615 40519 67589 63497 76536 94051 10387 24722 97891 4895 7002 11167 23844 88441 99194 94588 8976 83903 20744 65479 37342 51491 96062 99735 6056 65026 37927 15719 8981 53770 99723 45007 84714 26392 88383 54656 26801 67972 569 32132 37957 30204 37900 14446 36091 26829 51479 16592 92435 25228 53425 35171 1634 33250 43580 45559 92841 14707 94983 45872 45429 76797 75748 12542 39692 24611 58058 29319 82517 55770 66153 92974 32120 86654 58137 13850 28374 47665 64589 93193 45764 83770 88360 92535 37168 61620 87577 11149 53944 77329 82086 42270 3540 15847 37011 52844 12197 46701 88705 99877 83663 21054 73532 19483 63797 6991 56344 6815 54406 32977 50768 92912 76255 90170 16910 82482 5351 88405 96276 45914 99329 59431 91118 27405 5573 12609 65057 44192 8040 35089 14884 58049 29480 71990 74164 8366 63687 1659 2176 75936 58119 36495 94496 31583 49650 22969 42730 39178 34782 93688 39648 88253 9335 77762 11177 44945 24358 69796 36402 9919 47466 96157 69860 75340 13584 70909 85987 73508 57390 25286 60583 15665 96371 85982 22283 55330 45440 43356 88763 59185 95616 71977 35583 40995 13945 50891 97433 76433 44606 78294 8091 25458 28795 69225 15928 77365 33621 76851 35898 99674 98200 5598 12620 39713 31257 15202 83998 24975 76750 52917 82151 17404 79223 44894 29856 92714 69476 99793 15545 59982 82522 12956 47246 10605 63643 87579 49869 20271 88940 1077 6905 77029 4868 46181 79721 51941 29729 50700 50796 30355 18965 69283 68052 72639 1249 64359 89389 28555 90744 41132 40494 68284 66763 60308 90809 82890 52450 59136 7129 99657 79570 21698 29146 53489 45195 90717 60660 37752 60827 90785 43593 25617 21815 98252 98040 78615 98931 54631 16152 99416 76117 692 51414 46490 75254 24763 63105 11815 38211 76384 45745 16851 29325 69947 5794 13436 38051 29233 664 10125 13905 95745 61581 63949 43146 43591 60309 96088 29397 81349 44897 36001 65573 71654 261 81905 234 76849 8652 98087 48728 50489 92623 31195 51102 6599 59163 84771 91263 80555 66956 29837 71016 87812 98378 35879 82500 14189 2377 52547 54027 84106 33361 41883 36960 59960 46166 22100 23317 75356 
209 210
368 373
294 297
132 140
10 13
43 44
61 71
114 121
465 475
281 290
443 444
289 291
1 7
97 103
68 72
278 284
263 267
274 277
397 402
164 174
475 482
274 278
291 294
199 202
170 173
130 138
485 486
471 474
229 232
155 157
57 62
382 387
25 34
347 349
97 107
294 304
42 47
209 213
14 17
474 479
213 219
218 227
461 470
277 286
251 257
203 212
52 59
238 244
419 426
217 219
476 481
128 130
6 11
226 230
165 171
38 40
177 187
96 106
287 295
233 237
320 325
242 251
160 168
21 29
313 317
389 392
243 251
491 500
48 49
141 149
32 40
16 22
122 127
124 133
357 367
451 452
292 295
15 25
193 198
215 225
485 489
225 228
232 238
364 374
487 492
188 189
496 497
289 292
333 339
99 106
479 480
337 345
376 378
218 223
473 475
435 438
34 37
487 491
386 395
147 152
453 458
205 212
309 313
202 211
6 13
441 451
130 132
180 184
149 156
207 214
155 164
36 45
443 447
225 226
39 43
127 133
416 418
442 445
114 116
246 247
352 353
472 480
436 443
488 492
435 443
441 450
418 426
28 35
285 289
144 147
317 323
352 353
429 431
436 439
351 356
236 243
413 423
456 466
218 220
300 307
45 46
315 320
282 283
36 38
487 490
280 281
495 497
226 231
251 261
324 325
47 56
159 163
273 276
221 230
4 11
470 476
94 103
141 146
76 82
372 377
152 155
437 440
302 303
476 482
359 361
226 231
249 251
165 168
297 300
402 412
420 421
298 303
240 250
119 126
383 393
387 388
74 83
299 305
472 482
300 304
135 138
76 83
475 480
432 434
191 192
326 334
255 264
468 470
409 416
285 290
52 59
103 111
191 198
213 219
207 209
231 238
485 490
252 259
461 463
77 87
38 44
353 361
383 384
406 413
45 55
318 319
363 371
42 46
430 436
315 322
389 393
40 42
353 357
449 451
122 123
149 158
59 60
80 90
72 77
204 213
492 500
41 51
171 178
283 292
305 310
115 116
23 28
237 247
93 98
322 332
358 361
71 76
445 447
38 40
437 442
396 398
171 175
292 294
17 20
24 31
128 132
234 240
450 453
411 421
307 312
202 207
119 122
273 277
80 83
92 99
266 275
287 290
375 380
424 426
96 103
121 124
187 193
188 191
285 292
228 238
14 15
283 285
249 259
220 223
426 429
101 110
287 291
285 295
463 468
5 9
187 188
116 123
59 67
40 50
364 368
348 355
249 253
440 446
174 176
334 342
183 186
474 476
247 254
436 439
103 112
396 399
147 156
236 245
305 306
68 75
248 251
267 275
100 103
54 55
415 422
100 106
402 410
247 249
250 251
459 469
343 347
241 245
2 11
239 246
67 75
13 19
100 101
117 123
174 180
158 159
478 481
413 415
40 45
218 219
228 235
350 357
173 174
219 220
9 19
289 298
472 478
450 454
485 487
196 202
477 482
417 421
311 313
465 467
14 17
259 265
331 341
377 384
54 61
305 310
372 374
241 249
341 344
207 208
235 237
330 335
65 68
375 384
438 444
250 258
63 72
125 134
25 29
139 147
41 46
345 346
437 440
205 212
62 68
238 242
362 372
105 110
123 124
111 114
468 477
437 441
56 66
59 63
45 46
110 113
493 497
269 275
301 304
62 71
90 91
382 391
456 462
461 463
67 73
255 264
48 53
98 99
182 185
116 125
73 80
195 196
359 369
112 118
342 345
261 268
67 75
354 363
271 274
286 296
62 70
181 189
31 35
41 51
153 161
330 335
251 261
252 258
25 32
16 21
34 39
437 441
327 328
103 105
153 163
275 284
374 383
225 229
100 108
125 128
447 452
483 491
383 393
192 199
27 32
23 26
150 154
491 492
11 13
141 150
333 341
382 389
175 182
422 430
117 125
163 166
153 160
422 427
425 431
484 492
158 163
166 170
204 209
241 244
422 426
422 424
263 267
287 290
383 393
344 350
443 449
126 130
187 190
117 120
234 238
212 213
481 487
29 34
76 84
87 96
242 247
399 407
203 204
313 321
151 158
437 442
275 281
453 460
23 32
64 68
429 430
401 407
437 442
292 293
223 233
323 327
230 231
176 182
294 296
77 79
256 265
31 40
329 336
210 220
2 11
74 84
478 486
420 426
298 303
476 479
184 188
80 84
85 89
5 15
14 17
397 405
247 253
76 80
395 398
312 321
210 220
19 26
256 264
110 115
194 198
484 487
106 111
291 295
260 263
99 101
326 336
194 198
