500 500
5 6 3 5 10 6 3 2 1 5 4 9 6 4 8 7 6 1 4 6 6 4 4 5 8 2 7 7 8 6 2 6 8 4 6 1 8 5 7 10 9 9 1 6 1 8 9 2 8 5 2 3 8 7 9 4 1 7 2 3 5 1 7 4 8 7 3 8 7 1 4 3 10 5 3 8 10 3 1 6 6 8 3 6 10 6 9 1 7 10 3 6 5 9 3 3 8 3 10 9 4 5 7 6 4 2 9 8 8 8 3 2 6 10 3 5 4 2 7 4 9 10 2 4 5 1 8 2 10 1 2 1 3 5 9 3 4 10 2 4 5 4 7 5 4 9 4 5 5 6 4 6 7 4 4 1 9 1 1 4 2 9 8 2 4 7 4 5 5 10 10 2 10 5 9 5 7 1 5 2 4 7 9 2 3 3 4 4 2 8 4 10 4 10 8 4 6 6 4 1 8 1 3 2 1 9 7 1 2 2 3 1 1 10 3 4 10 5 5 3 3 4 1 5 1 8 1 7 5 5 3 7 1 3 1 9 2 6 7 4 4 6 6 6 5 9 9 5 1 9 8 2 10 5 4 6 1 8 10 10 7 9 4 2 7 2 2 5 1 7 6 4 1 8 4 10 4 2 10 10 2 2 2 4 9 9 8 3 9 10 7 6 10 1 2 10 8 2 7 9 3 6 10 5 9 1 7 9 4 1 4 4 6 3 1 4 3 9 9 6 8 4 2 5 9 5 5 10 1 1 5 6 5 1 6 2 3 5 6 10 9 9 4 3 9 10 10 5 5 6 7 2 3 5 4 9 3 3 2 4 2 3 10 3 7 4 2 3 9 7 7 4 1 5 2 3 8 5 5 2 8 8 1 5 5 4 5 9 5 10 7 8 5 4 9 4 9 1 1 8 5 7 9 7 4 3 5 5 9 7 1 9 1 9 10 7 10 3 5 10 9 2 1 4 8 5 3 5 8 8 7 9 6 8 7 4 8 8 1 6 3 7 6 7 9 1 10 10 5 2 7 5 1 3 10 4 1 6 5 7 10 5 2 6 8 5 2 3 6 10 9 8 9 2 5 7 8 5 3 6 9 6 2 4 2 7 9 10 5 7 5 3 10 7 10 5 2 9 8 9 
48 50
274 279
377 381
277 286
103 112
444 448
342 346
219 225
22 24
37 40
93 102
490 498
422 429
390 395
385 388
7 9
15 20
404 409
48 58
314 315
264 270
16 20
215 219
454 462
440 450
437 443
187 196
69 72
107 116
381 382
81 85
334 335
450 460
75 85
133 140
449 457
432 437
6 13
284 286
481 484
125 129
175 177
207 214
45 49
236 243
470 472
281 287
244 245
93 99
177 179
384 389
381 382
131 134
340 345
414 422
379 388
10 19
31 38
74 78
384 388
99 109
348 351
218 224
64 74
308 314
71 76
159 162
20 26
269 274
332 342
18 22
203 205
64 72
159 163
419 423
466 471
212 218
259 266
229 232
91 100
124 130
422 432
225 227
331 334
197 205
86 93
285 294
318 320
254 262
79 82
447 453
193 195
143 151
422 430
295 300
401 403
34 39
349 350
368 378
286 295
27 32
310 313
111 120
17 21
324 333
430 434
265 275
227 234
395 397
468 473
319 329
51 53
112 113
441 446
180 187
65 74
331 341
239 247
157 162
25 27
35 41
219 227
113 119
126 127
407 410
433 442
6 7
343 348
172 173
325 331
413 415
478 485
292 300
119 122
226 230
391 399
267 268
182 183
180 188
184 193
374 382
357 361
73 81
40 47
442 451
273 283
15 21
267 268
242 250
214 218
210 216
388 396
190 194
299 306
379 388
419 424
416 422
229 231
257 267
285 294
294 303
2 10
69 75
218 221
85 93
423 426
326 330
458 460
67 74
469 471
11 20
372 376
60 67
100 105
257 260
125 132
25 28
335 343
326 328
352 361
17 24
45 46
454 464
215 223
193 196
184 186
407 409
58 60
320 329
116 125
96 106
375 385
372 373
59 65
27 29
114 115
450 454
20 28
59 65
255 262
468 470
458 461
155 161
372 382
138 139
49 53
400 403
255 264
491 496
497 500
139 142
50 58
50 51
68 76
335 341
128 134
136 140
31 41
370 377
115 124
440 443
236 239
126 127
223 228
15 17
160 167
318 322
258 259
376 382
446 454
415 418
93 100
449 457
31 40
254 257
314 318
59 67
465 467
60 63
32 35
163 172
338 346
261 264
309 310
359 369
76 80
398 402
350 360
493 499
485 488
125 135
486 495
212 221
159 164
454 455
3 11
17 20
64 69
39 47
250 252
53 61
426 428
260 265
284 292
451 459
339 347
93 102
453 463
469 475
182 190
351 355
251 259
488 490
361 365
399 404
57 66
43 45
486 488
235 244
126 130
251 257
412 422
413 414
351 358
276 281
98 107
384 393
64 72
390 394
278 280
235 245
369 373
58 62
25 33
86 90
401 402
319 320
42 43
168 174
376 383
262 264
432 437
156 165
239 245
359 363
220 227
215 217
331 336
433 436
25 31
276 285
175 177
231 234
337 338
447 448
318 323
471 479
338 342
43 49
282 292
384 393
299 305
306 315
45 47
464 468
262 267
63 69
475 481
156 163
164 170
34 41
127 131
292 302
483 486
390 392
307 310
48 52
93 101
253 262
50 51
195 200
124 126
248 258
401 410
374 378
169 179
127 137
308 317
158 168
286 292
312 315
316 319
183 185
275 281
51 56
478 485
137 141
253 257
286 291
286 292
352 359
334 340
144 153
41 49
98 108
96 101
372 376
72 82
65 66
280 285
305 310
364 368
267 276
408 415
342 345
407 416
223 227
276 282
209 219
59 64
136 146
211 212
388 395
3 10
271 279
72 82
267 269
159 161
476 481
492 497
68 75
478 483
36 37
429 430
108 113
52 62
379 386
416 421
460 466
149 152
158 164
135 145
152 154
185 192
27 29
295 299
397 405
96 105
444 450
280 281
10 13
195 197
242 243
133 143
150 154
58 67
456 465
481 491
206 210
364 365
483 484
405 407
423 425
246 252
259 264
160 170
206 209
374 377
341 346
316 323
114 119
385 394
389 399
70 73
411 415
94 99
463 464
474 480
361 371
10 13
46 56
352 357
437 444
477 487
95 100
333 342
79 84
19 25
186 191
223 233
357 360
127 129
352 353
302 306
473 479
355 359
134 143
270 280
406 413
118 124
317 326
351 354
51 53
95 105
365 373
437 446
67 77
67 69
128 138
251 255
224 227
189 199
350 355
413 423
286 292
336 343
42 52
100 104
299 309
346 352
318 323
202 212
219 227
468 477
124 134
235 237
303 305
2 7
490 499
493 494
32 42
69 70
14 17
81 82
142 147
409 413
256 264
95 96
441 448
124 126
